movement_id,startX,startY,endX,endY,deltaX,deltaY,distance,duration,velocity
1,98,3,222,74,124,71,142.888,0.0,0
2,222,74,286,106,64,32,71.554,0.0,0
3,286,106,349,134,63,28,68.942,0.0,0
4,349,134,537,250,188,116,220.907,0.0,0
5,537,250,591,284,54,34,63.812,0.0,0
6,591,284,633,309,42,25,48.877,0.0,0
7,633,309,666,325,33,16,36.674,0.0,0
8,666,325,692,337,26,12,28.636,0.0,0
9,692,337,721,354,29,17,33.615,0.0,0
10,721,354,737,362,16,8,17.889,0.0,0
11,737,362,748,367,11,5,12.083,0.0,0
12,748,367,760,372,12,5,13.0,0.0,0
13,760,372,771,377,11,5,12.083,0.0,0
14,771,377,779,380,8,3,8.544,0.0,0
15,779,380,788,382,9,2,9.22,0.0,0
16,788,382,793,384,5,2,5.385,0.0,0
17,793,384,797,387,4,3,5.0,0.0,0
18,797,387,799,388,2,1,2.236,0.0,0
19,799,388,802,388,3,0,3.0,0.0,0
20,802,388,807,391,5,3,5.831,0.0,0
21,807,391,817,397,10,6,11.662,0.0,0
22,817,397,825,401,8,4,8.944,0.0,0
23,825,401,831,403,6,2,6.325,0.0,0
24,831,403,832,403,1,0,1.0,0.0,0
25,832,403,832,398,0,-5,5.0,0.0,0
26,832,398,831,391,-1,-7,7.071,0.0,0
27,831,391,828,382,-3,-9,9.487,0.0,0
28,828,382,827,377,-1,-5,5.099,0.0,0
29,827,377,827,374,0,-3,3.0,0.0,0
30,827,374,826,371,-1,-3,3.162,0.0,0
31,826,371,826,370,0,-1,1.0,0.0,0
32,826,370,826,369,0,-1,1.0,0.0,0
33,826,369,826,368,0,-1,1.0,0.0,0
34,826,368,826,368,0,0,0.0,0.0,0
35,826,368,826,368,0,0,0.0,0.0,0
36,826,368,826,368,0,0,0.0,0.0,0
37,826,368,826,370,0,2,2.0,0.0,0
38,826,370,826,372,0,2,2.0,0.0,0
39,826,372,826,374,0,2,2.0,0.0,0
40,826,374,826,385,0,11,11.0,0.0,0
41,826,385,826,390,0,5,5.0,0.0,0
42,826,390,826,403,0,13,13.0,0.0,0
43,826,403,826,406,0,3,3.0,0.0,0
44,826,406,826,408,0,2,2.0,0.0,0
45,826,408,825,410,-1,2,2.236,0.0,0
46,825,410,824,411,-1,1,1.414,0.0,0
47,824,411,824,412,0,1,1.0,0.0,0
48,824,412,824,413,0,1,1.0,0.0,0
49,824,413,824,414,0,1,1.0,0.0,0
50,824,414,824,415,0,1,1.0,0.0,0
51,824,415,824,417,0,2,2.0,0.0,0
52,824,417,824,419,0,2,2.0,0.0,0
53,824,419,823,423,-1,4,4.123,0.0,0
54,823,423,822,424,-1,1,1.414,0.0,0
55,822,424,822,427,0,3,3.0,0.0,0
56,822,427,822,428,0,1,1.0,0.0,0
57,822,428,822,428,0,0,0.0,0.0,0
58,822,428,820,428,-2,0,2.0,0.0,0
59,820,428,818,428,-2,0,2.0,0.0,0
60,818,428,818,428,0,0,0.0,0.0,0
61,818,428,817,428,-1,0,1.0,0.0,0
62,817,428,816,428,-1,0,1.0,0.0,0
63,816,428,816,436,0,8,8.0,0.0,0
64,816,436,812,441,-4,5,6.403,0.0,0
65,812,441,810,444,-2,3,3.606,0.0,0
66,810,444,810,449,0,5,5.0,0.0,0
67,810,449,810,454,0,5,5.0,0.0,0
68,810,454,807,460,-3,6,6.708,0.0,0
69,807,460,807,463,0,3,3.0,0.0,0
70,807,463,807,464,0,1,1.0,0.0,0
1,178,9,279,44,101,35,106.892,0.0,0
2,279,44,332,56,53,12,54.342,0.0,0
3,332,56,380,69,48,13,49.729,0.0,0
4,380,69,585,156,205,87,222.697,0.0,0
5,585,156,611,170,26,14,29.53,0.0,0
6,611,170,676,200,65,30,71.589,0.0,0
7,676,200,707,214,31,14,34.015,0.0,0
8,707,214,729,227,22,13,25.554,0.0,0
9,729,227,751,242,22,15,26.627,0.0,0
10,751,242,769,256,18,14,22.804,0.0,0
11,769,256,783,271,14,15,20.518,0.0,0
12,783,271,792,280,9,9,12.728,0.0,0
13,792,280,794,284,2,4,4.472,0.0,0
14,794,284,794,284,0,0,0.0,0.0,0
15,794,284,794,285,0,1,1.0,0.0,0
16,794,285,795,288,1,3,3.162,0.0,0
17,795,288,797,298,2,10,10.198,0.0,0
18,797,298,799,303,2,5,5.385,0.0,0
19,799,303,802,307,3,4,5.0,0.0,0
20,802,307,802,308,0,1,1.0,0.0,0
21,802,308,801,309,-1,1,1.414,0.0,0
22,801,309,800,311,-1,2,2.236,0.0,0
23,800,311,799,313,-1,2,2.236,0.0,0
24,799,313,799,321,0,8,8.0,0.0,0
25,799,321,794,332,-5,11,12.083,0.0,0
26,794,332,791,342,-3,10,10.44,0.0,0
27,791,342,786,351,-5,9,10.296,0.0,0
28,786,351,784,355,-2,4,4.472,0.0,0
29,784,355,783,355,-1,0,1.0,0.0,0
30,783,355,783,355,0,0,0.0,0.0,0
31,783,355,783,356,0,1,1.0,0.0,0
32,783,356,781,356,-2,0,2.0,0.0,0
33,781,356,778,356,-3,0,3.0,0.0,0
34,778,356,772,356,-6,0,6.0,0.0,0
35,772,356,765,356,-7,0,7.0,0.0,0
36,765,356,760,360,-5,4,6.403,0.0,0
37,760,360,758,365,-2,5,5.385,0.0,0
38,758,365,756,371,-2,6,6.325,0.0,0
39,756,371,755,374,-1,3,3.162,0.0,0
40,755,374,754,378,-1,4,4.123,0.0,0
41,754,378,752,381,-2,3,3.606,0.0,0
42,752,381,750,384,-2,3,3.606,0.0,0
43,750,384,749,386,-1,2,2.236,0.0,0
44,749,386,749,387,0,1,1.0,0.0,0
45,749,387,749,388,0,1,1.0,0.0,0
46,749,388,749,388,0,0,0.0,0.0,0
47,749,388,749,390,0,2,2.0,0.0,0
48,749,390,749,391,0,1,1.0,0.0,0
49,749,391,749,392,0,1,1.0,0.0,0
50,749,392,749,396,0,4,4.0,0.0,0
51,749,396,749,397,0,1,1.0,0.0,0
52,749,397,749,401,0,4,4.0,0.0,0
53,749,401,749,404,0,3,3.0,0.0,0
54,749,404,749,406,0,2,2.0,0.0,0
55,749,406,749,409,0,3,3.0,0.0,0
56,749,409,749,410,0,1,1.0,0.0,0
57,749,410,748,411,-1,1,1.414,0.0,0
58,748,411,748,412,0,1,1.0,0.0,0
59,748,412,748,413,0,1,1.0,0.0,0
60,748,413,748,414,0,1,1.0,0.0,0
61,748,414,748,418,0,4,4.0,0.0,0
62,748,418,748,420,0,2,2.0,0.0,0
63,748,420,749,421,1,1,1.414,0.0,0
64,749,421,750,421,1,0,1.0,0.0,0
65,750,421,750,421,0,0,0.0,0.0,0
66,750,421,750,420,0,-1,1.0,0.0,0
67,750,420,750,417,0,-3,3.0,0.0,0
68,750,417,752,416,2,-1,2.236,0.0,0
69,752,416,754,415,2,-1,2.236,0.0,0
70,754,415,754,408,0,-7,7.0,0.0,0
71,754,408,746,392,-8,-16,17.889,0.0,0
72,746,392,725,366,-21,-26,33.422,0.0,0
73,725,366,698,331,-27,-35,44.204,0.0,0
74,698,331,665,290,-33,-41,52.631,0.0,0
75,665,290,646,267,-19,-23,29.833,0.0,0
76,646,267,641,261,-5,-6,7.81,0.0,0
77,641,261,639,260,-2,-1,2.236,0.0,0
78,639,260,638,260,-1,0,1.0,0.0,0
79,638,260,635,260,-3,0,3.0,0.0,0
80,635,260,632,260,-3,0,3.0,0.0,0
81,632,260,628,261,-4,1,4.123,0.0,0
82,628,261,631,269,3,8,8.544,0.0,0
83,631,269,642,287,11,18,21.095,0.0,0
84,642,287,670,322,28,35,44.822,0.0,0
85,670,322,691,343,21,21,29.698,0.0,0
86,691,343,708,357,17,14,22.023,0.0,0
87,708,357,723,372,15,15,21.213,0.0,0
88,723,372,743,390,20,18,26.907,0.001,26826.047
89,743,390,760,406,17,16,23.345,0.0,0
90,760,406,778,425,18,19,26.173,0.0,0
91,778,425,794,444,16,19,24.839,0.0,0
92,794,444,806,458,12,14,18.439,0.0,0
93,806,458,812,464,6,6,8.485,0.0,0
94,812,464,815,467,3,3,4.243,0.0,0
95,815,467,815,468,0,1,1.0,0.0,0
96,815,468,817,468,2,0,2.0,0.0,0
97,817,468,817,471,0,3,3.0,0.0,0
98,817,471,813,471,-4,0,4.0,0.0,0
99,813,471,812,471,-1,0,1.0,0.0,0
100,812,471,811,472,-1,1,1.414,0.0,0
101,811,472,811,473,0,1,1.0,0.0,0
102,811,473,810,474,-1,1,1.414,0.0,0
103,810,474,810,475,0,1,1.0,0.0,0
1,153,22,153,22,0,0,0.0,0.0,0
2,153,22,337,169,184,147,235.51,0.0,0
3,337,169,379,201,42,32,52.802,0.0,0
4,379,201,421,228,42,27,49.93,0.0,0
5,421,228,487,271,66,43,78.772,0.0,0
6,487,271,538,302,51,31,59.682,0.0,0
7,538,302,580,328,42,26,49.396,0.0,0
8,580,328,616,353,36,25,43.829,0.0,0
9,616,353,611,362,-5,9,10.296,0.0,0
10,611,362,610,369,-1,7,7.071,0.0,0
11,610,369,613,371,3,2,3.606,0.0,0
12,613,371,615,372,2,1,2.236,0.0,0
13,615,372,616,372,1,0,1.0,0.0,0
14,616,372,620,374,4,2,4.472,0.0,0
15,620,374,627,377,7,3,7.616,0.0,0
16,627,377,634,378,7,1,7.071,0.0,0
17,634,378,638,378,4,0,4.0,0.0,0
18,638,378,651,378,13,0,13.0,0.0,0
19,651,378,666,375,15,-3,15.297,0.0,0
20,666,375,682,374,16,-1,16.031,0.0,0
21,682,374,700,374,18,0,18.0,0.0,0
22,700,374,716,374,16,0,16.0,0.0,0
23,716,374,731,374,15,0,15.0,0.0,0
24,731,374,743,374,12,0,12.0,0.0,0
25,743,374,753,374,10,0,10.0,0.0,0
26,753,374,761,374,8,0,8.0,0.0,0
27,761,374,765,374,4,0,4.0,0.0,0
28,765,374,767,374,2,0,2.0,0.0,0
29,767,374,768,374,1,0,1.0,0.0,0
30,768,374,769,373,1,-1,1.414,0.0,0
31,769,373,770,372,1,-1,1.414,0.0,0
32,770,372,771,372,1,0,1.0,0.0,0
33,771,372,773,369,2,-3,3.606,0.0,0
34,773,369,773,369,0,0,0.0,0.0,0
35,773,369,773,369,0,0,0.0,0.0,0
36,773,369,773,370,0,1,1.0,0.0,0
37,773,370,769,373,-4,3,5.0,0.0,0
38,769,373,766,379,-3,6,6.708,0.0,0
39,766,379,762,388,-4,9,9.849,0.0,0
40,762,388,759,400,-3,12,12.369,0.0,0
41,759,400,757,410,-2,10,10.198,0.0,0
42,757,410,757,416,0,6,6.0,0.0,0
43,757,416,757,420,0,4,4.0,0.0,0
44,757,420,757,422,0,2,2.0,0.0,0
45,757,422,757,427,0,5,5.0,0.0,0
46,757,427,757,432,0,5,5.0,0.0,0
47,757,432,757,433,0,1,1.0,0.0,0
48,757,433,758,437,1,4,4.123,0.0,0
49,758,437,759,439,1,2,2.236,0.0,0
50,759,439,760,442,1,3,3.162,0.0,0
51,760,442,762,445,2,3,3.606,0.0,0
52,762,445,762,446,0,1,1.0,0.0,0
53,762,446,762,450,0,4,4.0,0.0,0
54,762,450,762,452,0,2,2.0,0.0,0
55,762,452,762,453,0,1,1.0,0.0,0
56,762,453,762,454,0,1,1.0,0.0,0
57,762,454,762,455,0,1,1.0,0.0,0
58,762,455,762,460,0,5,5.0,0.0,0
59,762,460,762,461,0,1,1.0,0.0,0
60,762,461,762,462,0,1,1.0,0.0,0
1,125,3,162,20,37,17,40.719,0.0,0
2,162,20,210,44,48,24,53.666,0.0,0
3,210,44,399,143,189,99,213.359,0.0,0
4,399,143,697,295,298,152,334.527,0.0,0
5,697,295,730,310,33,15,36.249,0.0,0
6,730,310,754,324,24,14,27.785,0.0,0
7,754,324,775,335,21,11,23.707,0.0,0
8,775,335,796,347,21,12,24.187,0.0,0
9,796,347,809,355,13,8,15.264,0.0,0
10,809,355,812,358,3,3,4.243,0.0,0
11,812,358,816,364,4,6,7.211,0.0,0
12,816,364,817,364,1,0,1.0,0.0,0
13,817,364,818,368,1,4,4.123,0.0,0
14,818,368,818,369,0,1,1.0,0.0,0
15,818,369,818,372,0,3,3.0,0.0,0
16,818,372,818,373,0,1,1.0,0.0,0
17,818,373,818,373,0,0,0.0,0.0,0
18,818,373,817,373,-1,0,1.0,0.0,0
19,817,373,816,373,-1,0,1.0,0.0,0
20,816,373,816,373,0,0,0.0,0.0,0
21,816,373,816,373,0,0,0.0,0.0,0
22,816,373,815,372,-1,-1,1.414,0.0,0
23,815,372,814,373,-1,1,1.414,0.0,0
24,814,373,812,377,-2,4,4.472,0.0,0
25,812,377,809,382,-3,5,5.831,0.0,0
26,809,382,797,397,-12,15,19.209,0.0,0
27,797,397,789,412,-8,15,17.0,0.0,0
28,789,412,787,417,-2,5,5.385,0.0,0
29,787,417,787,418,0,1,1.0,0.0,0
30,787,418,787,420,0,2,2.0,0.0,0
31,787,420,787,423,0,3,3.0,0.0,0
32,787,423,787,428,0,5,5.0,0.0,0
33,787,428,787,433,0,5,5.0,0.0,0
34,787,433,787,436,0,3,3.0,0.0,0
35,787,436,787,437,0,1,1.0,0.0,0
36,787,437,787,440,0,3,3.0,0.0,0
37,787,440,787,442,0,2,2.0,0.0,0
38,787,442,787,439,0,-3,3.0,0.0,0
39,787,439,787,437,0,-2,2.0,0.0,0
40,787,437,787,434,0,-3,3.0,0.0,0
41,787,434,787,430,0,-4,4.0,0.0,0
42,787,430,787,429,0,-1,1.0,0.0,0
43,787,429,786,428,-1,-1,1.414,0.0,0
44,786,428,786,427,0,-1,1.0,0.0,0
45,786,427,786,427,0,0,0.0,0.0,0
46,786,427,786,428,0,1,1.0,0.0,0
47,786,428,786,436,0,8,8.0,0.0,0
48,786,436,789,440,3,4,5.0,0.0,0
49,789,440,791,445,2,5,5.385,0.0,0
50,791,445,791,446,0,1,1.0,0.0,0
51,791,446,791,448,0,2,2.0,0.0,0
52,791,448,791,449,0,1,1.0,0.0,0
53,791,449,792,452,1,3,3.162,0.0,0
54,792,452,792,456,0,4,4.0,0.0,0
55,792,456,792,463,0,7,7.0,0.0,0
56,792,463,792,466,0,3,3.0,0.0,0
57,792,466,792,468,0,2,2.0,0.0,0
58,792,468,792,468,0,0,0.0,0.0,0
1,178,24,367,134,189,110,218.68,0.0,0
2,367,134,418,165,51,31,59.682,0.0,0
3,418,165,465,191,47,26,53.712,0.0,0
4,465,191,717,313,252,122,279.979,0.0,0
5,717,313,731,318,14,5,14.866,0.0,0
6,731,318,740,322,9,4,9.849,0.0,0
7,740,322,748,325,8,3,8.544,0.0,0
8,748,325,749,326,1,1,1.414,0.0,0
9,749,326,750,326,1,0,1.0,0.0,0
10,750,326,752,326,2,0,2.0,0.0,0
11,752,326,754,329,2,3,3.606,0.0,0
12,754,329,756,332,2,3,3.606,0.0,0
13,756,332,762,339,6,7,9.22,0.0,0
14,762,339,765,348,3,9,9.487,0.0,0
15,765,348,768,351,3,3,4.243,0.0,0
16,768,351,769,356,1,5,5.099,0.0,0
17,769,356,772,363,3,7,7.616,0.0,0
18,772,363,777,369,5,6,7.81,0.0,0
19,777,369,780,375,3,6,6.708,0.0,0
20,780,375,783,380,3,5,5.831,0.0,0
21,783,380,785,383,2,3,3.606,0.0,0
22,785,383,787,388,2,5,5.385,0.0,0
23,787,388,788,388,1,0,1.0,0.0,0
24,788,388,787,387,-1,-1,1.414,0.0,0
25,787,387,787,385,0,-2,2.0,0.0,0
26,787,385,786,383,-1,-2,2.236,0.0,0
27,786,383,785,380,-1,-3,3.162,0.0,0
28,785,380,785,379,0,-1,1.0,0.0,0
29,785,379,784,379,-1,0,1.0,0.0,0
30,784,379,784,378,0,-1,1.0,0.0,0
31,784,378,784,378,0,0,0.0,0.0,0
32,784,378,784,378,0,0,0.0,0.0,0
33,784,378,782,376,-2,-2,2.828,0.0,0
34,782,376,781,376,-1,0,1.0,0.0,0
35,781,376,780,376,-1,0,1.0,0.0,0
36,780,376,779,376,-1,0,1.0,0.0,0
37,779,376,779,377,0,1,1.0,0.0,0
38,779,377,779,378,0,1,1.0,0.0,0
39,779,378,779,380,0,2,2.0,0.0,0
40,779,380,779,387,0,7,7.0,0.0,0
41,779,387,781,396,2,9,9.22,0.0,0
42,781,396,781,397,0,1,1.0,0.0,0
43,781,397,781,400,0,3,3.0,0.0,0
44,781,400,782,401,1,1,1.414,0.0,0
45,782,401,783,403,1,2,2.236,0.0,0
46,783,403,783,404,0,1,1.0,0.0,0
47,783,404,783,406,0,2,2.0,0.0,0
48,783,406,784,414,1,8,8.062,0.0,0
49,784,414,784,420,0,6,6.0,0.0,0
50,784,420,785,422,1,2,2.236,0.0,0
51,785,422,785,423,0,1,1.0,0.0,0
52,785,423,786,428,1,5,5.099,0.0,0
53,786,428,786,434,0,6,6.0,0.0,0
54,786,434,786,440,0,6,6.0,0.0,0
55,786,440,787,448,1,8,8.062,0.0,0
56,787,448,788,452,1,4,4.123,0.0,0
57,788,452,788,453,0,1,1.0,0.0,0
58,788,453,789,455,1,2,2.236,0.0,0
59,789,455,790,455,1,0,1.0,0.0,0
60,790,455,791,458,1,3,3.162,0.0,0
61,791,458,791,459,0,1,1.0,0.0,0
62,791,459,791,460,0,1,1.0,0.0,0
63,791,460,792,460,1,0,1.0,0.0,0
64,792,460,792,461,0,1,1.0,0.0,0
1,253,3,342,40,89,37,96.385,0.0,0
2,342,40,353,45,11,5,12.083,0.0,0
3,353,45,375,56,22,11,24.597,0.0,0
4,375,56,395,63,20,7,21.19,0.0,0
5,395,63,410,69,15,6,16.155,0.0,0
6,410,69,423,77,13,8,15.264,0.0,0
7,423,77,437,88,14,11,17.804,0.0,0
8,437,88,458,102,21,14,25.239,0.0,0
9,458,102,485,122,27,20,33.601,0.0,0
10,485,122,527,148,42,26,49.396,0.0,0
11,527,148,561,169,34,21,39.962,0.0,0
12,561,169,586,183,25,14,28.653,0.0,0
13,586,183,607,191,21,8,22.472,0.0,0
14,607,191,636,205,29,14,32.202,0.0,0
15,636,205,656,217,20,12,23.324,0.0,0
16,656,217,673,227,17,10,19.723,0.0,0
17,673,227,685,235,12,8,14.422,0.0,0
18,685,235,696,241,11,6,12.53,0.0,0
19,696,241,707,251,11,10,14.866,0.0,0
20,707,251,724,265,17,14,22.023,0.0,0
21,724,265,739,280,15,15,21.213,0.0,0
22,739,280,750,291,11,11,15.556,0.0,0
23,750,291,755,296,5,5,7.071,0.0,0
24,755,296,760,299,5,3,5.831,0.0,0
25,760,299,762,303,2,4,4.472,0.0,0
26,762,303,767,309,5,6,7.81,0.0,0
27,767,309,768,311,1,2,2.236,0.0,0
28,768,311,769,313,1,2,2.236,0.0,0
29,769,313,770,316,1,3,3.162,0.0,0
30,770,316,771,323,1,7,7.071,0.0,0
31,771,323,775,331,4,8,8.944,0.0,0
32,775,331,778,341,3,10,10.44,0.0,0
33,778,341,781,345,3,4,5.0,0.0,0
34,781,345,782,348,1,3,3.162,0.0,0
35,782,348,784,351,2,3,3.606,0.0,0
36,784,351,785,353,1,2,2.236,0.0,0
37,785,353,785,356,0,3,3.0,0.0,0
38,785,356,786,356,1,0,1.0,0.0,0
39,786,356,786,356,0,0,0.0,0.0,0
40,786,356,786,358,0,2,2.0,0.0,0
41,786,358,786,359,0,1,1.0,0.0,0
42,786,359,787,362,1,3,3.162,0.0,0
43,787,362,788,368,1,6,6.083,0.0,0
44,788,368,790,372,2,4,4.472,0.0,0
45,790,372,790,373,0,1,1.0,0.0,0
46,790,373,790,373,0,0,0.0,0.0,0
47,790,373,790,373,0,0,0.0,0.0,0
48,790,373,789,372,-1,-1,1.414,0.0,0
49,789,372,788,372,-1,0,1.0,0.0,0
50,788,372,784,370,-4,-2,4.472,0.0,0
51,784,370,766,363,-18,-7,19.313,0.0,0
52,766,363,752,357,-14,-6,15.232,0.0,0
53,752,357,748,356,-4,-1,4.123,0.001,4106.758
54,748,356,748,357,0,1,1.0,0.0,0
55,748,357,749,360,1,3,3.162,0.0,0
56,749,360,750,361,1,1,1.414,0.0,0
57,750,361,752,365,2,4,4.472,0.0,0
58,752,365,754,370,2,5,5.385,0.0,0
59,754,370,754,372,0,2,2.0,0.0,0
60,754,372,754,377,0,5,5.0,0.0,0
61,754,377,754,380,0,3,3.0,0.0,0
62,754,380,754,381,0,1,1.0,0.0,0
63,754,381,754,382,0,1,1.0,0.0,0
64,754,382,754,383,0,1,1.0,0.0,0
65,754,383,754,384,0,1,1.0,0.0,0
66,754,384,754,386,0,2,2.0,0.0,0
67,754,386,754,392,0,6,6.0,0.0,0
68,754,392,754,402,0,10,10.0,0.0,0
69,754,402,755,406,1,4,4.123,0.0,0
70,755,406,756,407,1,1,1.414,0.0,0
71,756,407,757,408,1,1,1.414,0.0,0
72,757,408,757,412,0,4,4.0,0.0,0
73,757,412,757,422,0,10,10.0,0.0,0
74,757,422,757,436,0,14,14.0,0.0,0
75,757,436,759,452,2,16,16.125,0.0,0
76,759,452,764,468,5,16,16.763,0.0,0
77,764,468,768,476,4,8,8.944,0.0,0
78,768,476,768,477,0,1,1.0,0.0,0
79,768,477,768,479,0,2,2.0,0.0,0
80,768,479,768,480,0,1,1.0,0.0,0
81,768,480,768,482,0,2,2.0,0.0,0
1,163,0,298,84,135,84,159.0,0.0,0
2,298,84,333,106,35,22,41.34,0.0,0
3,333,106,370,132,37,26,45.222,0.0,0
4,370,132,623,353,253,221,335.932,0.0,0
5,623,353,650,371,27,18,32.45,0.0,0
6,650,371,674,384,24,13,27.295,0.0,0
7,674,384,726,413,52,29,59.54,0.0,0
8,726,413,745,423,19,10,21.471,0.0,0
9,745,423,752,426,7,3,7.616,0.0,0
10,752,426,754,427,2,1,2.236,0.0,0
11,754,427,754,427,0,0,0.0,0.0,0
12,754,427,757,427,3,0,3.0,0.0,0
13,757,427,760,426,3,-1,3.162,0.0,0
14,760,426,762,424,2,-2,2.828,0.0,0
15,762,424,767,421,5,-3,5.831,0.0,0
16,767,421,769,417,2,-4,4.472,0.0,0
17,769,417,770,412,1,-5,5.099,0.0,0
18,770,412,771,407,1,-5,5.099,0.0,0
19,771,407,772,402,1,-5,5.099,0.0,0
20,772,402,773,396,1,-6,6.083,0.0,0
21,773,396,773,392,0,-4,4.0,0.0,0
22,773,392,773,389,0,-3,3.0,0.0,0
23,773,389,773,387,0,-2,2.0,0.0,0
24,773,387,773,386,0,-1,1.0,0.0,0
25,773,386,773,385,0,-1,1.0,0.0,0
26,773,385,773,382,0,-3,3.0,0.0,0
27,773,382,772,378,-1,-4,4.123,0.0,0
28,772,378,772,377,0,-1,1.0,0.0,0
29,772,377,772,376,0,-1,1.0,0.0,0
30,772,376,772,375,0,-1,1.0,0.0,0
31,772,375,772,375,0,0,0.0,0.0,0
32,772,375,772,377,0,2,2.0,0.0,0
33,772,377,771,383,-1,6,6.083,0.0,0
34,771,383,769,397,-2,14,14.142,0.0,0
35,769,397,767,411,-2,14,14.142,0.0,0
36,767,411,767,419,0,8,8.0,0.0,0
37,767,419,768,420,1,1,1.414,0.0,0
38,768,420,769,421,1,1,1.414,0.0,0
39,769,421,770,422,1,1,1.414,0.0,0
40,770,422,770,423,0,1,1.0,0.0,0
41,770,423,770,424,0,1,1.0,0.0,0
42,770,424,770,426,0,2,2.0,0.0,0
43,770,426,770,427,0,1,1.0,0.0,0
44,770,427,770,428,0,1,1.0,0.0,0
45,770,428,770,428,0,0,0.0,0.0,0
46,770,428,770,430,0,2,2.0,0.0,0
47,770,430,771,437,1,7,7.071,0.0,0
48,771,437,779,449,8,12,14.422,0.0,0
49,779,449,783,455,4,6,7.211,0.0,0
50,783,455,786,460,3,5,5.831,0.0,0
51,786,460,786,461,0,1,1.0,0.0,0
52,786,461,787,467,1,6,6.083,0.0,0
53,787,467,789,473,2,6,6.325,0.0,0
54,789,473,791,476,2,3,3.606,0.0,0
55,791,476,792,477,1,1,1.414,0.0,0
1,179,17,179,17,0,0,0.0,0.0,0
2,179,17,457,169,278,152,316.841,0.0,0
3,457,169,501,194,44,25,50.606,0.0,0
4,501,194,537,216,36,22,42.19,0.0,0
5,537,216,584,243,47,27,54.203,0.0,0
6,584,243,606,256,22,13,25.554,0.0,0
7,606,256,619,264,13,8,15.264,0.0,0
8,619,264,626,269,7,5,8.602,0.0,0
9,626,269,632,275,6,6,8.485,0.0,0
10,632,275,639,284,7,9,11.402,0.0,0
11,639,284,649,293,10,9,13.454,0.0,0
12,649,293,658,303,9,10,13.454,0.0,0
13,658,303,666,312,8,9,12.042,0.0,0
14,666,312,671,317,5,5,7.071,0.0,0
15,671,317,677,325,6,8,10.0,0.0,0
16,677,325,685,332,8,7,10.63,0.0,0
17,685,332,691,336,6,4,7.211,0.0,0
18,691,336,692,336,1,0,1.0,0.0,0
19,692,336,696,336,4,0,4.0,0.0,0
20,696,336,701,339,5,3,5.831,0.0,0
21,701,339,710,341,9,2,9.22,0.0,0
22,710,341,720,347,10,6,11.662,0.0,0
23,720,347,730,351,10,4,10.77,0.0,0
24,730,351,743,356,13,5,13.928,0.0,0
25,743,356,753,359,10,3,10.44,0.0,0
26,753,359,754,360,1,1,1.414,0.0,0
27,754,360,754,360,0,0,0.0,0.0,0
28,754,360,754,360,0,0,0.0,0.0,0
29,754,360,754,360,0,0,0.0,0.0,0
30,754,360,755,361,1,1,1.414,0.0,0
31,755,361,755,362,0,1,1.0,0.0,0
32,755,362,755,364,0,2,2.0,0.0,0
33,755,364,755,376,0,12,12.0,0.0,0
34,755,376,755,390,0,14,14.0,0.0,0
35,755,390,760,404,5,14,14.866,0.0,0
36,760,404,762,411,2,7,7.28,0.0,0
37,762,411,762,412,0,1,1.0,0.0,0
38,762,412,762,413,0,1,1.0,0.0,0
39,762,413,763,415,1,2,2.236,0.0,0
40,763,415,764,418,1,3,3.162,0.0,0
41,764,418,765,420,1,2,2.236,0.0,0
42,765,420,767,423,2,3,3.606,0.0,0
43,767,423,768,428,1,5,5.099,0.0,0
44,768,428,768,428,0,0,0.0,0.0,0
45,768,428,767,428,-1,0,1.0,0.0,0
46,767,428,766,429,-1,1,1.414,0.0,0
47,766,429,766,431,0,2,2.0,0.0,0
48,766,431,764,439,-2,8,8.246,0.0,0
49,764,439,763,445,-1,6,6.083,0.0,0
50,763,445,763,448,0,3,3.0,0.0,0
51,763,448,763,451,0,3,3.0,0.0,0
52,763,451,763,452,0,1,1.0,0.0,0
53,763,452,763,455,0,3,3.0,0.0,0
54,763,455,763,458,0,3,3.0,0.0,0
55,763,458,763,459,0,1,1.0,0.0,0
56,763,459,763,460,0,1,1.0,0.0,0
57,763,460,763,463,0,3,3.0,0.0,0
58,763,463,764,466,1,3,3.162,0.0,0
1,138,4,202,52,64,48,80.0,0.0,0
2,202,52,241,81,39,29,48.6,0.0,0
3,241,81,287,116,46,35,57.801,0.0,0
4,287,116,372,180,85,64,106.4,0.0,0
5,372,180,527,292,155,112,191.23,0.0,0
6,527,292,587,323,60,31,67.535,0.0,0
7,587,323,612,333,25,10,26.926,0.0,0
8,612,333,621,337,9,4,9.849,0.0,0
9,621,337,637,342,16,5,16.763,0.0,0
10,637,342,643,344,6,2,6.325,0.0,0
11,643,344,650,346,7,2,7.28,0.0,0
12,650,346,659,349,9,3,9.487,0.0,0
13,659,349,673,356,14,7,15.652,0.0,0
14,673,356,690,363,17,7,18.385,0.0,0
15,690,363,708,366,18,3,18.248,0.0,0
16,708,366,720,366,12,0,12.0,0.0,0
17,720,366,730,366,10,0,10.0,0.0,0
18,730,366,737,364,7,-2,7.28,0.0,0
19,737,364,746,364,9,0,9.0,0.0,0
20,746,364,754,364,8,0,8.0,0.0,0
21,754,364,759,364,5,0,5.0,0.0,0
22,759,364,762,364,3,0,3.0,0.0,0
23,762,364,763,364,1,0,1.0,0.0,0
24,763,364,765,363,2,-1,2.236,0.0,0
25,765,363,767,363,2,0,2.0,0.0,0
26,767,363,767,363,0,0,0.0,0.0,0
27,767,363,767,363,0,0,0.0,0.0,0
28,767,363,767,363,0,0,0.0,0.0,0
29,767,363,768,363,1,0,1.0,0.001,992.03
30,768,363,768,364,0,1,1.0,0.0,0
31,768,364,767,367,-1,3,3.162,0.0,0
32,767,367,766,369,-1,2,2.236,0.0,0
33,766,369,766,372,0,3,3.0,0.0,0
34,766,372,766,378,0,6,6.0,0.0,0
35,766,378,766,384,0,6,6.0,0.0,0
36,766,384,766,387,0,3,3.0,0.0,0
37,766,387,766,388,0,1,1.0,0.0,0
38,766,388,766,388,0,0,0.0,0.0,0
39,766,388,766,390,0,2,2.0,0.0,0
40,766,390,766,396,0,6,6.0,0.0,0
41,766,396,766,401,0,5,5.0,0.0,0
42,766,401,766,404,0,3,3.0,0.0,0
43,766,404,766,405,0,1,1.0,0.0,0
44,766,405,765,412,-1,7,7.071,0.0,0
45,765,412,765,420,0,8,8.0,0.0,0
46,765,420,765,425,0,5,5.0,0.0,0
47,765,425,765,427,0,2,2.0,0.0,0
48,765,427,764,426,-1,-1,1.414,0.0,0
49,764,426,763,426,-1,0,1.0,0.0,0
50,763,426,762,424,-1,-2,2.236,0.0,0
51,762,424,761,421,-1,-3,3.162,0.0,0
52,761,421,757,416,-4,-5,6.403,0.0,0
53,757,416,753,411,-4,-5,6.403,0.0,0
54,753,411,752,410,-1,-1,1.414,0.0,0
55,752,410,753,412,1,2,2.236,0.0,0
56,753,412,755,413,2,1,2.236,0.0,0
57,755,413,764,430,9,17,19.235,0.0,0
58,764,430,772,444,8,14,16.125,0.0,0
59,772,444,779,460,7,16,17.464,0.0,0
60,779,460,783,469,4,9,9.849,0.0,0
61,783,469,784,470,1,1,1.414,0.0,0
62,784,470,785,473,1,3,3.162,0.0,0
63,785,473,786,473,1,0,1.0,0.0,0
64,786,473,786,475,0,2,2.0,0.0,0
65,786,475,787,476,1,1,1.414,0.0,0
66,787,476,787,477,0,1,1.0,0.0,0
1,131,1,164,22,33,21,39.115,0.0,0
2,164,22,203,44,39,22,44.777,0.0,0
3,203,44,245,72,42,28,50.478,0.0,0
4,245,72,585,283,340,211,400.151,0.0,0
5,585,283,613,292,28,9,29.411,0.0,0
6,613,292,635,302,22,10,24.166,0.0,0
7,635,302,671,316,36,14,38.626,0.0,0
8,671,316,700,328,29,12,31.385,0.0,0
9,700,328,728,338,28,10,29.732,0.0,0
10,728,338,754,349,26,11,28.231,0.0,0
11,754,349,779,361,25,12,27.731,0.0,0
12,779,361,802,372,23,11,25.495,0.0,0
13,802,372,819,383,17,11,20.248,0.0,0
14,819,383,826,388,7,5,8.602,0.0,0
15,826,388,827,388,1,0,1.0,0.0,0
16,827,388,828,388,1,0,1.0,0.0,0
17,828,388,829,389,1,1,1.414,0.0,0
18,829,389,831,391,2,2,2.828,0.0,0
19,831,391,833,394,2,3,3.606,0.0,0
20,833,394,836,398,3,4,5.0,0.0,0
21,836,398,837,400,1,2,2.236,0.0,0
22,837,400,838,401,1,1,1.414,0.0,0
23,838,401,838,400,0,-1,1.0,0.0,0
24,838,400,837,400,-1,0,1.0,0.0,0
25,837,400,832,390,-5,-10,11.18,0.0,0
26,832,390,826,380,-6,-10,11.662,0.0,0
27,826,380,821,372,-5,-8,9.434,0.0,0
28,821,372,818,365,-3,-7,7.616,0.0,0
29,818,365,817,363,-1,-2,2.236,0.0,0
30,817,363,817,363,0,0,0.0,0.0,0
31,817,363,817,363,0,0,0.0,0.0,0
32,817,363,817,363,0,0,0.0,0.0,0
33,817,363,817,364,0,1,1.0,0.0,0
34,817,364,817,364,0,0,0.0,0.0,0
35,817,364,817,370,0,6,6.0,0.0,0
36,817,370,818,378,1,8,8.062,0.0,0
37,818,378,818,382,0,4,4.0,0.0,0
38,818,382,818,393,0,11,11.0,0.0,0
39,818,393,818,402,0,9,9.0,0.0,0
40,818,402,818,408,0,6,6.0,0.0,0
41,818,408,820,414,2,6,6.325,0.0,0
42,820,414,820,415,0,1,1.0,0.0,0
43,820,415,820,417,0,2,2.0,0.0,0
44,820,417,820,418,0,1,1.0,0.0,0
45,820,418,820,420,0,2,2.0,0.0,0
46,820,420,819,421,-1,1,1.414,0.0,0
47,819,421,818,423,-1,2,2.236,0.0,0
48,818,423,818,428,0,5,5.0,0.0,0
49,818,428,818,433,0,5,5.0,0.0,0
50,818,433,818,440,0,7,7.0,0.0,0
51,818,440,818,444,0,4,4.0,0.0,0
52,818,444,818,447,0,3,3.0,0.0,0
53,818,447,818,448,0,1,1.0,0.0,0
54,818,448,818,450,0,2,2.0,0.0,0
55,818,450,818,450,0,0,0.0,0.0,0
56,818,450,818,451,0,1,1.0,0.0,0
57,818,451,817,453,-1,2,2.236,0.0,0
58,817,453,817,455,0,2,2.0,0.0,0
59,817,455,815,460,-2,5,5.385,0.0,0
60,815,460,814,462,-1,2,2.236,0.0,0
61,814,462,813,462,-1,0,1.0,0.0,0
62,813,462,812,463,-1,1,1.414,0.0,0
63,812,463,812,464,0,1,1.0,0.0,0
1,181,15,352,102,171,87,191.859,0.0,0
2,352,102,453,143,101,41,109.005,0.0,0
3,453,143,547,177,94,34,99.96,0.0,0
4,547,177,780,267,233,90,249.778,0.0,0
5,780,267,809,277,29,10,30.676,0.0,0
6,809,277,827,284,18,7,19.313,0.0,0
7,827,284,840,290,13,6,14.318,0.0,0
8,840,290,856,300,16,10,18.868,0.0,0
9,856,300,862,304,6,4,7.211,0.0,0
10,862,304,863,304,1,0,1.0,0.0,0
11,863,304,864,306,1,2,2.236,0.0,0
12,864,306,864,308,0,2,2.0,0.0,0
13,864,308,865,312,1,4,4.123,0.0,0
14,865,312,866,316,1,4,4.123,0.0,0
15,866,316,872,325,6,9,10.817,0.0,0
16,872,325,877,334,5,9,10.296,0.0,0
17,877,334,877,340,0,6,6.0,0.0,0
18,877,340,877,341,0,1,1.0,0.0,0
19,877,341,876,344,-1,3,3.162,0.0,0
20,876,344,872,350,-4,6,7.211,0.0,0
21,872,350,870,353,-2,3,3.606,0.0,0
22,870,353,866,356,-4,3,5.0,0.0,0
23,866,356,864,357,-2,1,2.236,0.0,0
24,864,357,858,361,-6,4,7.211,0.0,0
25,858,361,854,364,-4,3,5.0,0.0,0
26,854,364,849,368,-5,4,6.403,0.0,0
27,849,368,844,371,-5,3,5.831,0.0,0
28,844,371,843,372,-1,1,1.414,0.0,0
29,843,372,842,372,-1,0,1.0,0.0,0
30,842,372,842,372,0,0,0.0,0.0,0
31,842,372,842,372,0,0,0.0,0.0,0
32,842,372,842,372,0,0,0.0,0.0,0
33,842,372,841,372,-1,0,1.0,0.0,0
34,841,372,840,375,-1,3,3.162,0.0,0
35,840,375,839,381,-1,6,6.083,0.0,0
36,839,381,838,388,-1,7,7.071,0.0,0
37,838,388,838,394,0,6,6.0,0.0,0
38,838,394,838,396,0,2,2.0,0.0,0
39,838,396,837,397,-1,1,1.414,0.0,0
40,837,397,836,401,-1,4,4.123,0.0,0
41,836,401,834,402,-2,1,2.236,0.0,0
42,834,402,834,403,0,1,1.0,0.0,0
43,834,403,833,404,-1,1,1.414,0.0,0
44,833,404,832,406,-1,2,2.236,0.0,0
45,832,406,830,410,-2,4,4.472,0.0,0
46,830,410,827,413,-3,3,4.243,0.0,0
47,827,413,826,416,-1,3,3.162,0.0,0
48,826,416,826,416,0,0,0.0,0.0,0
49,826,416,825,416,-1,0,1.0,0.0,0
50,825,416,826,416,1,0,1.0,0.0,0
51,826,416,826,418,0,2,2.0,0.0,0
52,826,418,826,422,0,4,4.0,0.0,0
53,826,422,824,436,-2,14,14.142,0.0,0
54,824,436,821,447,-3,11,11.402,0.0,0
55,821,447,820,454,-1,7,7.071,0.0,0
56,820,454,818,460,-2,6,6.325,0.0,0
57,818,460,818,462,0,2,2.0,0.0,0
58,818,462,818,464,0,2,2.0,0.0,0
59,818,464,818,466,0,2,2.0,0.0,0
60,818,466,817,467,-1,1,1.414,0.0,0
1,227,132,256,162,29,30,41.725,0.0,0
2,256,162,322,217,66,55,85.913,0.0,0
3,322,217,484,326,162,109,195.256,0.0,0
4,484,326,511,338,27,12,29.547,0.0,0
5,511,338,533,344,22,6,22.804,0.0,0
6,533,344,549,347,16,3,16.279,0.0,0
7,549,347,556,348,7,1,7.071,0.0,0
8,556,348,558,348,2,0,2.0,0.0,0
9,558,348,559,348,1,0,1.0,0.0,0
10,559,348,560,348,1,0,1.0,0.0,0
11,560,348,565,349,5,1,5.099,0.0,0
12,565,349,575,352,10,3,10.44,0.0,0
13,575,352,590,352,15,0,15.0,0.0,0
14,590,352,607,349,17,-3,17.263,0.0,0
15,607,349,625,343,18,-6,18.974,0.0,0
16,625,343,642,339,17,-4,17.464,0.0,0
17,642,339,658,335,16,-4,16.492,0.0,0
18,658,335,677,335,19,0,19.0,0.0,0
19,677,335,694,335,17,0,17.0,0.0,0
20,694,335,705,336,11,1,11.045,0.0,0
21,705,336,712,337,7,1,7.071,0.0,0
22,712,337,718,338,6,1,6.083,0.0,0
23,718,338,724,340,6,2,6.325,0.0,0
24,724,340,733,341,9,1,9.055,0.0,0
25,733,341,745,347,12,6,13.416,0.0,0
26,745,347,763,353,18,6,18.974,0.0,0
27,763,353,772,356,9,3,9.487,0.0,0
28,772,356,778,358,6,2,6.325,0.0,0
29,778,358,780,360,2,2,2.828,0.0,0
30,780,360,782,361,2,1,2.236,0.0,0
31,782,361,786,364,4,3,5.0,0.0,0
32,786,364,786,364,0,0,0.0,0.0,0
33,786,364,788,364,2,0,2.0,0.0,0
34,788,364,788,364,0,0,0.0,0.0,0
35,788,364,788,364,0,0,0.0,0.0,0
36,788,364,788,365,0,1,1.0,0.0,0
37,788,365,787,371,-1,6,6.083,0.0,0
38,787,371,786,380,-1,9,9.055,0.0,0
39,786,380,784,389,-2,9,9.22,0.0,0
40,784,389,784,391,0,2,2.0,0.0,0
41,784,391,784,393,0,2,2.0,0.0,0
42,784,393,784,396,0,3,3.0,0.0,0
43,784,396,784,396,0,0,0.0,0.0,0
44,784,396,784,397,0,1,1.0,0.0,0
45,784,397,784,400,0,3,3.0,0.0,0
46,784,400,784,403,0,3,3.0,0.0,0
47,784,403,784,404,0,1,1.0,0.0,0
48,784,404,784,406,0,2,2.0,0.0,0
49,784,406,782,408,-2,2,2.828,0.0,0
50,782,408,782,409,0,1,1.0,0.0,0
51,782,409,781,412,-1,3,3.162,0.0,0
52,781,412,781,415,0,3,3.0,0.0,0
53,781,415,781,417,0,2,2.0,0.0,0
54,781,417,780,418,-1,1,1.414,0.0,0
55,780,418,780,419,0,1,1.0,0.0,0
56,780,419,780,420,0,1,1.0,0.0,0
57,780,420,779,420,-1,0,1.0,0.0,0
58,779,420,779,422,0,2,2.0,0.0,0
59,779,422,779,428,0,6,6.0,0.0,0
60,779,428,779,444,0,16,16.0,0.0,0
61,779,444,779,462,0,18,18.0,0.0,0
62,779,462,781,479,2,17,17.117,0.0,0
63,781,479,785,488,4,9,9.849,0.0,0
64,785,488,786,493,1,5,5.099,0.0,0
65,786,493,787,497,1,4,4.123,0.0,0
66,787,497,787,496,0,-1,1.0,0.0,0
67,787,496,787,494,0,-2,2.0,0.0,0
68,787,494,787,492,0,-2,2.0,0.0,0
69,787,492,786,487,-1,-5,5.099,0.0,0
70,786,487,786,484,0,-3,3.0,0.0,0
71,786,484,785,481,-1,-3,3.162,0.0,0
72,785,481,784,480,-1,-1,1.414,0.0,0
73,784,480,783,479,-1,-1,1.414,0.0,0
74,783,479,783,478,0,-1,1.0,0.0,0
1,122,3,247,77,125,74,145.262,0.0,0
2,247,77,286,101,39,24,45.793,0.001,45299.485
3,286,101,328,126,42,25,48.877,0.0,0
4,328,126,556,266,228,140,267.552,0.0,0
5,556,266,573,274,17,8,18.788,0.0,0
6,573,274,587,280,14,6,15.232,0.0,0
7,587,280,608,291,21,11,23.707,0.0,0
8,608,291,626,300,18,9,20.125,0.0,0
9,626,300,642,306,16,6,17.088,0.0,0
10,642,306,645,307,3,1,3.162,0.0,0
11,645,307,647,307,2,0,2.0,0.0,0
12,647,307,648,307,1,0,1.0,0.0,0
13,648,307,650,308,2,1,2.236,0.0,0
14,650,308,657,310,7,2,7.28,0.0,0
15,657,310,668,313,11,3,11.402,0.0,0
16,668,313,680,316,12,3,12.369,0.0,0
17,680,316,689,316,9,0,9.0,0.0,0
18,689,316,694,316,5,0,5.0,0.0,0
19,694,316,701,316,7,0,7.0,0.0,0
20,701,316,710,318,9,2,9.22,0.0,0
21,710,318,725,323,15,5,15.811,0.0,0
22,725,323,735,327,10,4,10.77,0.0,0
23,735,327,746,332,11,5,12.083,0.0,0
24,746,332,757,339,11,7,13.038,0.0,0
25,757,339,770,345,13,6,14.318,0.0,0
26,770,345,782,351,12,6,13.416,0.0,0
27,782,351,791,356,9,5,10.296,0.0,0
28,791,356,792,356,1,0,1.0,0.0,0
29,792,356,794,357,2,1,2.236,0.0,0
30,794,357,796,360,2,3,3.606,0.0,0
31,796,360,799,364,3,4,5.0,0.0,0
32,799,364,799,364,0,0,0.0,0.0,0
33,799,364,799,364,0,0,0.0,0.0,0
34,799,364,799,364,0,0,0.0,0.0,0
35,799,364,799,365,0,1,1.0,0.0,0
36,799,365,799,368,0,3,3.0,0.0,0
37,799,368,799,370,0,2,2.0,0.0,0
38,799,370,798,374,-1,4,4.123,0.0,0
39,798,374,797,375,-1,1,1.414,0.0,0
40,797,375,796,378,-1,3,3.162,0.0,0
41,796,378,796,380,0,2,2.0,0.0,0
42,796,380,795,383,-1,3,3.162,0.0,0
43,795,383,794,388,-1,5,5.099,0.0,0
44,794,388,793,392,-1,4,4.123,0.0,0
45,793,392,792,394,-1,2,2.236,0.0,0
46,792,394,792,395,0,1,1.0,0.0,0
47,792,395,791,397,-1,2,2.236,0.0,0
48,791,397,790,400,-1,3,3.162,0.0,0
49,790,400,789,403,-1,3,3.162,0.0,0
50,789,403,789,404,0,1,1.0,0.0,0
51,789,404,788,408,-1,4,4.123,0.0,0
52,788,408,786,412,-2,4,4.472,0.0,0
53,786,412,785,418,-1,6,6.083,0.0,0
54,785,418,785,419,0,1,1.0,0.0,0
55,785,419,784,419,-1,0,1.0,0.0,0
56,784,419,783,418,-1,-1,1.414,0.0,0
57,783,418,781,416,-2,-2,2.828,0.001,2834.038
58,781,416,781,419,0,3,3.0,0.0,0
59,781,419,782,421,1,2,2.236,0.0,0
60,782,421,783,429,1,8,8.062,0.0,0
61,783,429,783,434,0,5,5.0,0.0,0
62,783,434,784,436,1,2,2.236,0.0,0
63,784,436,785,439,1,3,3.162,0.0,0
64,785,439,786,442,1,3,3.162,0.0,0
65,786,442,787,445,1,3,3.162,0.0,0
66,787,445,787,446,0,1,1.0,0.0,0
67,787,446,787,448,0,2,2.0,0.0,0
68,787,448,787,450,0,2,2.0,0.0,0
69,787,450,787,454,0,4,4.0,0.0,0
70,787,454,787,457,0,3,3.0,0.0,0
71,787,457,787,458,0,1,1.0,0.0,0
72,787,458,787,460,0,2,2.0,0.0,0
73,787,460,787,461,0,1,1.0,0.0,0
74,787,461,787,462,0,1,1.0,0.0,0
75,787,462,787,463,0,1,1.0,0.0,0
76,787,463,787,465,0,2,2.0,0.0,0
77,787,465,787,466,0,1,1.0,0.0,0
78,787,466,786,466,-1,0,1.0,0.0,0
1,256,11,330,51,74,40,84.119,0.0,0
2,330,51,482,142,152,91,177.158,0.0,0
3,482,142,529,169,47,27,54.203,0.0,0
4,529,169,570,195,41,26,48.549,0.0,0
5,570,195,598,213,28,18,33.287,0.0,0
6,598,213,629,233,31,20,36.892,0.0,0
7,629,233,645,243,16,10,18.868,0.0,0
8,645,243,656,252,11,9,14.213,0.0,0
9,656,252,662,256,6,4,7.211,0.0,0
10,662,256,663,257,1,1,1.414,0.0,0
11,663,257,664,258,1,1,1.414,0.0,0
12,664,258,665,258,1,0,1.0,0.0,0
13,665,258,666,260,1,2,2.236,0.0,0
14,666,260,670,261,4,1,4.123,0.0,0
15,670,261,672,262,2,1,2.236,0.001,2281.379
16,672,262,674,263,2,1,2.236,0.0,0
17,674,263,679,267,5,4,6.403,0.0,0
18,679,267,689,277,10,10,14.142,0.0,0
19,689,277,701,292,12,15,19.209,0.0,0
20,701,292,715,309,14,17,22.023,0.0,0
21,715,309,727,324,12,15,19.209,0.0,0
22,727,324,738,338,11,14,17.804,0.0,0
23,738,338,750,351,12,13,17.692,0.0,0
24,750,351,762,365,12,14,18.439,0.0,0
25,762,365,772,377,10,12,15.62,0.0,0
26,772,377,776,383,4,6,7.211,0.0,0
27,776,383,778,387,2,4,4.472,0.0,0
28,778,387,779,390,1,3,3.162,0.0,0
29,779,390,781,394,2,4,4.472,0.0,0
30,781,394,782,396,1,2,2.236,0.0,0
31,782,396,783,398,1,2,2.236,0.0,0
32,783,398,785,400,2,2,2.828,0.0,0
33,785,400,785,401,0,1,1.0,0.0,0
34,785,401,784,399,-1,-2,2.236,0.0,0
35,784,399,783,397,-1,-2,2.236,0.0,0
36,783,397,782,392,-1,-5,5.099,0.0,0
37,782,392,780,384,-2,-8,8.246,0.0,0
38,780,384,780,378,0,-6,6.0,0.0,0
39,780,378,779,373,-1,-5,5.099,0.0,0
40,779,373,779,372,0,-1,1.0,0.0,0
41,779,372,778,372,-1,0,1.0,0.0,0
42,778,372,778,372,0,0,0.0,0.0,0
43,778,372,778,372,0,0,0.0,0.0,0
44,778,372,778,372,0,0,0.0,0.0,0
45,778,372,778,372,0,0,0.0,0.0,0
46,778,372,777,372,-1,0,1.0,0.0,0
47,777,372,777,372,0,0,0.0,0.0,0
48,777,372,777,373,0,1,1.0,0.0,0
49,777,373,776,376,-1,3,3.162,0.0,0
50,776,376,776,377,0,1,1.0,0.0,0
51,776,377,773,380,-3,3,4.243,0.0,0
52,773,380,773,386,0,6,6.0,0.0,0
53,773,386,771,392,-2,6,6.325,0.0,0
54,771,392,770,397,-1,5,5.099,0.0,0
55,770,397,770,399,0,2,2.0,0.0,0
56,770,399,770,400,0,1,1.0,0.0,0
57,770,400,770,403,0,3,3.0,0.0,0
58,770,403,770,407,0,4,4.0,0.0,0
59,770,407,770,412,0,5,5.0,0.0,0
60,770,412,770,414,0,2,2.0,0.0,0
61,770,414,770,415,0,1,1.0,0.0,0
62,770,415,770,417,0,2,2.0,0.0,0
63,770,417,770,418,0,1,1.0,0.0,0
64,770,418,770,425,0,7,7.0,0.0,0
65,770,425,770,432,0,7,7.0,0.0,0
66,770,432,770,443,0,11,11.0,0.0,0
67,770,443,770,452,0,9,9.0,0.0,0
68,770,452,771,458,1,6,6.083,0.0,0
69,771,458,774,465,3,7,7.616,0.0,0
70,774,465,778,474,4,9,9.849,0.0,0
71,778,474,780,482,2,8,8.246,0.0,0
72,780,482,781,484,1,2,2.236,0.0,0
73,781,484,781,484,0,0,0.0,0.0,0
74,781,484,781,484,0,0,0.0,0.0,0
75,781,484,781,483,0,-1,1.0,0.0,0
1,162,0,204,23,42,23,47.885,0.0,0
2,204,23,296,75,92,52,105.679,0.0,0
3,296,75,541,210,245,135,279.732,0.0,0
4,541,210,577,232,36,22,42.19,0.0,0
5,577,232,736,343,159,111,193.912,0.0,0
6,736,343,748,350,12,7,13.892,0.0,0
7,748,350,758,356,10,6,11.662,0.0,0
8,758,356,766,361,8,5,9.434,0.0,0
9,766,361,775,367,9,6,10.817,0.0,0
10,775,367,777,368,2,1,2.236,0.0,0
11,777,368,778,369,1,1,1.414,0.0,0
12,778,369,780,370,2,1,2.236,0.0,0
13,780,370,782,372,2,2,2.828,0.0,0
14,782,372,790,376,8,4,8.944,0.0,0
15,790,376,796,380,6,4,7.211,0.0,0
16,796,380,797,380,1,0,1.0,0.0,0
17,797,380,797,379,0,-1,1.0,0.0,0
18,797,379,797,380,0,1,1.0,0.0,0
19,797,380,797,383,0,3,3.0,0.0,0
20,797,383,796,388,-1,5,5.099,0.0,0
21,796,388,793,397,-3,9,9.487,0.0,0
22,793,397,788,406,-5,9,10.296,0.0,0
23,788,406,786,411,-2,5,5.385,0.0,0
24,786,411,786,411,0,0,0.0,0.0,0
25,786,411,786,412,0,1,1.0,0.0,0
26,786,412,786,413,0,1,1.0,0.0,0
27,786,413,786,414,0,1,1.0,0.0,0
28,786,414,785,417,-1,3,3.162,0.0,0
29,785,417,784,420,-1,3,3.162,0.0,0
30,784,420,782,422,-2,2,2.828,0.0,0
31,782,422,782,425,0,3,3.0,0.0,0
32,782,425,780,429,-2,4,4.472,0.0,0
33,780,429,780,430,0,1,1.0,0.0,0
34,780,430,780,433,0,3,3.0,0.0,0
35,780,433,780,435,0,2,2.0,0.0,0
36,780,435,783,441,3,6,6.708,0.0,0
37,783,441,784,442,1,1,1.414,0.0,0
38,784,442,784,444,0,2,2.0,0.0,0
39,784,444,785,444,1,0,1.0,0.0,0
40,785,444,786,446,1,2,2.236,0.0,0
41,786,446,786,447,0,1,1.0,0.0,0
42,786,447,786,448,0,1,1.0,0.0,0
43,786,448,788,452,2,4,4.472,0.0,0
44,788,452,793,459,5,7,8.602,0.0,0
45,793,459,798,468,5,9,10.296,0.0,0
46,798,468,802,474,4,6,7.211,0.0,0
47,802,474,804,476,2,2,2.828,0.0,0
1,185,11,219,24,34,13,36.401,0.0,0
2,219,24,296,54,77,30,82.638,0.0,0
3,296,54,423,105,127,51,136.858,0.0,0
4,423,105,497,134,74,29,79.48,0.0,0
5,497,134,562,163,65,29,71.176,0.0,0
6,562,163,614,185,52,22,56.462,0.0,0
7,614,185,639,197,25,12,27.731,0.0,0
8,639,197,657,205,18,8,19.698,0.0,0
9,657,205,664,210,7,5,8.602,0.0,0
10,664,210,666,213,2,3,3.606,0.0,0
11,666,213,668,215,2,2,2.828,0.0,0
12,668,215,670,217,2,2,2.828,0.0,0
13,670,217,672,220,2,3,3.606,0.0,0
14,672,220,676,226,4,6,7.211,0.0,0
15,676,226,682,229,6,3,6.708,0.0,0
16,682,229,686,232,4,3,5.0,0.0,0
17,686,232,688,232,2,0,2.0,0.0,0
18,688,232,689,232,1,0,1.0,0.0,0
19,689,232,691,233,2,1,2.236,0.0,0
20,691,233,693,235,2,2,2.828,0.0,0
21,693,235,698,240,5,5,7.071,0.0,0
22,698,240,704,253,6,13,14.318,0.0,0
23,704,253,710,266,6,13,14.318,0.0,0
24,710,266,722,284,12,18,21.633,0.0,0
25,722,284,731,297,9,13,15.811,0.0,0
26,731,297,739,308,8,11,13.601,0.0,0
27,739,308,746,316,7,8,10.63,0.0,0
28,746,316,749,323,3,7,7.616,0.0,0
29,749,323,753,330,4,7,8.062,0.0,0
30,753,330,756,336,3,6,6.708,0.0,0
31,756,336,760,341,4,5,6.403,0.0,0
32,760,341,762,346,2,5,5.385,0.0,0
33,762,346,763,350,1,4,4.123,0.0,0
34,763,350,763,351,0,1,1.0,0.0,0
35,763,351,765,356,2,5,5.385,0.0,0
36,765,356,769,360,4,4,5.657,0.0,0
37,769,360,773,364,4,4,5.657,0.0,0
38,773,364,776,364,3,0,3.0,0.0,0
39,776,364,778,364,2,0,2.0,0.0,0
40,778,364,778,364,0,0,0.0,0.0,0
41,778,364,778,364,0,0,0.0,0.001,0.0
42,778,364,778,364,0,0,0.0,0.0,0
43,778,364,778,363,0,-1,1.0,0.0,0
44,778,363,777,363,-1,0,1.0,0.0,0
45,777,363,777,361,0,-2,2.0,0.0,0
46,777,361,776,356,-1,-5,5.099,0.0,0
47,776,356,771,347,-5,-9,10.296,0.0,0
48,771,347,762,330,-9,-17,19.235,0.0,0
49,762,330,754,316,-8,-14,16.125,0.0,0
50,754,316,751,309,-3,-7,7.616,0.0,0
51,751,309,750,308,-1,-1,1.414,0.0,0
52,750,308,749,308,-1,0,1.0,0.0,0
53,749,308,749,310,0,2,2.0,0.0,0
54,749,310,749,313,0,3,3.0,0.0,0
55,749,313,750,325,1,12,12.042,0.0,0
56,750,325,752,332,2,7,7.28,0.0,0
57,752,332,754,338,2,6,6.325,0.0,0
58,754,338,754,345,0,7,7.0,0.0,0
59,754,345,755,359,1,14,14.036,0.0,0
60,755,359,758,374,3,15,15.297,0.0,0
61,758,374,763,396,5,22,22.561,0.0,0
62,763,396,770,414,7,18,19.313,0.0,0
63,770,414,774,423,4,9,9.849,0.0,0
64,774,423,775,426,1,3,3.162,0.0,0
65,775,426,775,428,0,2,2.0,0.0,0
66,775,428,775,428,0,0,0.0,0.0,0
67,775,428,775,431,0,3,3.0,0.0,0
68,775,431,775,432,0,1,1.0,0.0,0
69,775,432,775,433,0,1,1.0,0.0,0
70,775,433,775,434,0,1,1.0,0.0,0
71,775,434,775,431,0,-3,3.0,0.0,0
72,775,431,775,429,0,-2,2.0,0.0,0
73,775,429,775,427,0,-2,2.0,0.0,0
74,775,427,773,417,-2,-10,10.198,0.0,0
75,773,417,771,411,-2,-6,6.325,0.0,0
76,771,411,770,404,-1,-7,7.071,0.0,0
77,770,404,766,395,-4,-9,9.849,0.0,0
78,766,395,766,394,0,-1,1.0,0.0,0
79,766,394,765,397,-1,3,3.162,0.0,0
80,765,397,763,405,-2,8,8.246,0.0,0
81,763,405,763,419,0,14,14.0,0.0,0
82,763,419,763,433,0,14,14.0,0.0,0
83,763,433,764,440,1,7,7.071,0.0,0
84,764,440,765,442,1,2,2.236,0.0,0
85,765,442,766,444,1,2,2.236,0.0,0
86,766,444,767,444,1,0,1.0,0.0,0
87,767,444,767,445,0,1,1.0,0.0,0
88,767,445,767,447,0,2,2.0,0.0,0
89,767,447,767,452,0,5,5.0,0.0,0
90,767,452,767,456,0,4,4.0,0.0,0
91,767,456,768,460,1,4,4.123,0.0,0
92,768,460,768,463,0,3,3.0,0.0,0
93,768,463,768,464,0,1,1.0,0.0,0
94,768,464,768,467,0,3,3.0,0.0,0
95,768,467,768,468,0,1,1.0,0.0,0
96,768,468,768,469,0,1,1.0,0.0,0
97,768,469,768,471,0,2,2.0,0.0,0
98,768,471,768,472,0,1,1.0,0.0,0
1,128,0,183,30,55,30,62.65,0.001,62386.608
2,183,30,213,47,30,17,34.482,0.0,0
3,213,47,249,69,36,22,42.19,0.0,0
4,249,69,331,116,82,47,94.515,0.0,0
5,331,116,524,248,193,132,233.823,0.0,0
6,524,248,580,291,56,43,70.605,0.0,0
7,580,291,629,331,49,40,63.253,0.0,0
8,629,331,644,344,15,13,19.849,0.0,0
9,644,344,655,352,11,8,13.601,0.0,0
10,655,352,659,355,4,3,5.0,0.0,0
11,659,355,661,356,2,1,2.236,0.0,0
12,661,356,663,357,2,1,2.236,0.0,0
13,663,357,666,360,3,3,4.243,0.0,0
14,666,360,673,367,7,7,9.899,0.0,0
15,673,367,680,376,7,9,11.402,0.0,0
16,680,376,686,383,6,7,9.22,0.0,0
17,686,383,692,386,6,3,6.708,0.0,0
18,692,386,694,386,2,0,2.0,0.0,0
19,694,386,697,386,3,0,3.0,0.0,0
20,697,386,701,386,4,0,4.0,0.0,0
21,701,386,708,384,7,-2,7.28,0.0,0
22,708,384,714,383,6,-1,6.083,0.0,0
23,714,383,720,381,6,-2,6.325,0.0,0
24,720,381,727,380,7,-1,7.071,0.0,0
25,727,380,735,380,8,0,8.0,0.0,0
26,735,380,740,380,5,0,5.0,0.0,0
27,740,380,743,380,3,0,3.0,0.0,0
28,743,380,744,379,1,-1,1.414,0.0,0
29,744,379,744,379,0,0,0.0,0.0,0
30,744,379,744,379,0,0,0.0,0.0,0
31,744,379,744,379,0,0,0.0,0.0,0
32,744,379,742,377,-2,-2,2.828,0.0,0
33,742,377,742,374,0,-3,3.0,0.0,0
34,742,374,742,373,0,-1,1.0,0.0,0
35,742,373,742,371,0,-2,2.0,0.0,0
36,742,371,741,366,-1,-5,5.099,0.0,0
37,741,366,740,370,-1,4,4.123,0.0,0
38,740,370,739,372,-1,2,2.236,0.0,0
39,739,372,738,382,-1,10,10.05,0.0,0
40,738,382,738,390,0,8,8.0,0.0,0
41,738,390,738,403,0,13,13.0,0.0,0
42,738,403,738,414,0,11,11.0,0.0,0
43,738,414,738,428,0,14,14.0,0.0,0
44,738,428,738,438,0,10,10.0,0.0,0
45,738,438,738,450,0,12,12.0,0.0,0
46,738,450,740,458,2,8,8.246,0.0,0
47,740,458,740,460,0,2,2.0,0.0,0
48,740,460,741,461,1,1,1.414,0.0,0
49,741,461,741,460,0,-1,1.0,0.0,0
50,741,460,742,460,1,0,1.0,0.0,0
51,742,460,744,456,2,-4,4.472,0.0,0
52,744,456,745,455,1,-1,1.414,0.0,0
53,745,455,745,453,0,-2,2.0,0.0,0
54,745,453,746,452,1,-1,1.414,0.0,0
55,746,452,747,450,1,-2,2.236,0.0,0
56,747,450,749,447,2,-3,3.606,0.0,0
57,749,447,750,445,1,-2,2.236,0.0,0
58,750,445,751,444,1,-1,1.414,0.0,0
59,751,444,753,440,2,-4,4.472,0.0,0
60,753,440,753,438,0,-2,2.0,0.0,0
61,753,438,753,436,0,-2,2.0,0.0,0
62,753,436,753,436,0,0,0.0,0.0,0
63,753,436,753,434,0,-2,2.0,0.0,0
64,753,434,753,430,0,-4,4.0,0.0,0
65,753,430,753,427,0,-3,3.0,0.0,0
66,753,427,753,426,0,-1,1.0,0.0,0
67,753,426,752,425,-1,-1,1.414,0.0,0
68,752,425,746,422,-6,-3,6.708,0.0,0
69,746,422,729,412,-17,-10,19.723,0.0,0
70,729,412,720,407,-9,-5,10.296,0.0,0
71,720,407,718,407,-2,0,2.0,0.0,0
72,718,407,718,409,0,2,2.0,0.0,0
73,718,409,720,413,2,4,4.472,0.0,0
74,720,413,721,415,1,2,2.236,0.0,0
75,721,415,722,418,1,3,3.162,0.0,0
76,722,418,722,419,0,1,1.0,0.0,0
77,722,419,722,420,0,1,1.0,0.0,0
78,722,420,722,421,0,1,1.0,0.0,0
79,722,421,722,423,0,2,2.0,0.0,0
80,722,423,724,426,2,3,3.606,0.0,0
81,724,426,728,433,4,7,8.062,0.0,0
82,728,433,734,444,6,11,12.53,0.0,0
83,734,444,735,445,1,1,1.414,0.0,0
84,735,445,736,447,1,2,2.236,0.0,0
85,736,447,737,449,1,2,2.236,0.0,0
86,737,449,738,452,1,3,3.162,0.0,0
87,738,452,740,454,2,2,2.828,0.0,0
88,740,454,742,458,2,4,4.472,0.0,0
89,742,458,743,460,1,2,2.236,0.0,0
90,743,460,746,463,3,3,4.243,0.0,0
91,746,463,747,464,1,1,1.414,0.0,0
92,747,464,748,468,1,4,4.123,0.0,0
93,748,468,748,468,0,0,0.0,0.0,0
94,748,468,749,470,1,2,2.236,0.0,0
95,749,470,749,471,0,1,1.0,0.0,0
96,749,471,750,473,1,2,2.236,0.0,0
1,174,5,209,20,35,15,38.079,0.0,0
2,209,20,282,50,73,30,78.924,0.0,0
3,282,50,534,158,252,108,274.168,0.0,0
4,534,158,578,179,44,21,48.754,0.001,48229.042
5,578,179,619,202,41,23,47.011,0.0,0
6,619,202,697,246,78,44,89.554,0.0,0
7,697,246,810,315,113,69,132.401,0.0,0
8,810,315,833,328,23,13,26.42,0.0,0
9,833,328,850,340,17,12,20.809,0.0,0
10,850,340,861,347,11,7,13.038,0.0,0
11,861,347,867,351,6,4,7.211,0.0,0
12,867,351,869,351,2,0,2.0,0.0,0
13,869,351,871,352,2,1,2.236,0.0,0
14,871,352,872,353,1,1,1.414,0.0,0
15,872,353,874,356,2,3,3.606,0.0,0
16,874,356,878,362,4,6,7.211,0.0,0
17,878,362,882,364,4,2,4.472,0.0,0
18,882,364,882,364,0,0,0.0,0.0,0
19,882,364,882,364,0,0,0.0,0.0,0
20,882,364,882,364,0,0,0.0,0.0,0
21,882,364,882,364,0,0,0.0,0.0,0
22,882,364,881,364,-1,0,1.0,0.0,0
23,881,364,882,363,1,-1,1.414,0.0,0
24,882,363,879,351,-3,-12,12.369,0.0,0
25,879,351,873,336,-6,-15,16.155,0.0,0
26,873,336,870,332,-3,-4,5.0,0.0,0
27,870,332,870,333,0,1,1.0,0.0,0
28,870,333,869,336,-1,3,3.162,0.0,0
29,869,336,867,341,-2,5,5.385,0.0,0
30,867,341,867,345,0,4,4.0,0.0,0
31,867,345,867,350,0,5,5.0,0.0,0
32,867,350,866,358,-1,8,8.062,0.0,0
33,866,358,864,368,-2,10,10.198,0.0,0
34,864,368,862,375,-2,7,7.28,0.0,0
35,862,375,862,377,0,2,2.0,0.0,0
36,862,377,860,381,-2,4,4.472,0.0,0
37,860,381,860,382,0,1,1.0,0.0,0
38,860,382,860,384,0,2,2.0,0.0,0
39,860,384,859,384,-1,0,1.0,0.0,0
40,859,384,858,386,-1,2,2.236,0.0,0
41,858,386,855,388,-3,2,3.606,0.0,0
42,855,388,853,389,-2,1,2.236,0.0,0
43,853,389,851,391,-2,2,2.828,0.0,0
44,851,391,850,392,-1,1,1.414,0.0,0
45,850,392,849,396,-1,4,4.123,0.0,0
46,849,396,846,399,-3,3,4.243,0.0,0
47,846,399,842,404,-4,5,6.403,0.0,0
48,842,404,841,406,-1,2,2.236,0.0,0
49,841,406,838,408,-3,2,3.606,0.0,0
50,838,408,833,411,-5,3,5.831,0.0,0
51,833,411,831,415,-2,4,4.472,0.0,0
52,831,415,830,417,-1,2,2.236,0.0,0
53,830,417,829,417,-1,0,1.0,0.0,0
54,829,417,829,411,0,-6,6.0,0.0,0
55,829,411,829,406,0,-5,5.0,0.0,0
56,829,406,828,397,-1,-9,9.055,0.0,0
57,828,397,826,386,-2,-11,11.18,0.0,0
58,826,386,823,379,-3,-7,7.616,0.0,0
59,823,379,819,374,-4,-5,6.403,0.0,0
60,819,374,818,371,-1,-3,3.162,0.0,0
61,818,371,817,370,-1,-1,1.414,0.0,0
62,817,370,816,368,-1,-2,2.236,0.0,0
63,816,368,816,367,0,-1,1.0,0.0,0
64,816,367,816,369,0,2,2.0,0.0,0
65,816,369,816,371,0,2,2.0,0.0,0
66,816,371,817,379,1,8,8.062,0.0,0
67,817,379,817,386,0,7,7.0,0.0,0
68,817,386,817,397,0,11,11.0,0.0,0
69,817,397,817,408,0,11,11.0,0.0,0
70,817,408,818,423,1,15,15.033,0.0,0
71,818,423,818,433,0,10,10.0,0.0,0
72,818,433,818,444,0,11,11.0,0.0,0
73,818,444,818,452,0,8,8.0,0.0,0
74,818,452,818,460,0,8,8.0,0.0,0
75,818,460,818,466,0,6,6.0,0.0,0
76,818,466,818,471,0,5,5.0,0.0,0
77,818,471,818,476,0,5,5.0,0.0,0
1,105,2,147,28,42,26,49.396,0.0,0
2,147,28,282,116,135,88,161.149,0.0,0
3,282,116,575,299,293,183,345.453,0.0,0
4,575,299,613,321,38,22,43.909,0.0,0
5,613,321,669,354,56,33,65.0,0.0,0
6,669,354,701,369,32,15,35.341,0.0,0
7,701,369,713,374,12,5,13.0,0.0,0
8,713,374,716,375,3,1,3.162,0.0,0
9,716,375,718,375,2,0,2.0,0.0,0
10,718,375,719,375,1,0,1.0,0.0,0
11,719,375,720,375,1,0,1.0,0.0,0
12,720,375,722,375,2,0,2.0,0.0,0
13,722,375,723,372,1,-3,3.162,0.0,0
14,723,372,724,372,1,0,1.0,0.0,0
15,724,372,727,371,3,-1,3.162,0.0,0
16,727,371,730,372,3,1,3.162,0.0,0
17,730,372,735,372,5,0,5.0,0.0,0
18,735,372,743,372,8,0,8.0,0.0,0
19,743,372,749,372,6,0,6.0,0.0,0
20,749,372,754,371,5,-1,5.099,0.0,0
21,754,371,758,370,4,-1,4.123,0.0,0
22,758,370,759,370,1,0,1.0,0.0,0
23,759,370,761,369,2,-1,2.236,0.0,0
24,761,369,761,369,0,0,0.0,0.0,0
25,761,369,761,369,0,0,0.0,0.0,0
26,761,369,760,369,-1,0,1.0,0.0,0
27,760,369,759,369,-1,0,1.0,0.0,0
28,759,369,758,369,-1,0,1.0,0.0,0
29,758,369,757,370,-1,1,1.414,0.0,0
30,757,370,756,376,-1,6,6.083,0.0,0
31,756,376,755,379,-1,3,3.162,0.0,0
32,755,379,755,380,0,1,1.0,0.0,0
33,755,380,755,382,0,2,2.0,0.0,0
34,755,382,755,385,0,3,3.0,0.0,0
35,755,385,755,388,0,3,3.0,0.0,0
36,755,388,755,390,0,2,2.0,0.0,0
37,755,390,755,394,0,4,4.0,0.0,0
38,755,394,755,399,0,5,5.0,0.0,0
39,755,399,755,404,0,5,5.0,0.0,0
40,755,404,755,408,0,4,4.0,0.0,0
41,755,408,755,409,0,1,1.0,0.001,996.982
42,755,409,755,410,0,1,1.0,0.0,0
43,755,410,756,412,1,2,2.236,0.0,0
44,756,412,756,413,0,1,1.0,0.0,0
45,756,413,757,415,1,2,2.236,0.0,0
46,757,415,758,419,1,4,4.123,0.0,0
47,758,419,759,422,1,3,3.162,0.0,0
48,759,422,760,424,1,2,2.236,0.0,0
49,760,424,760,426,0,2,2.0,0.0,0
50,760,426,761,426,1,0,1.0,0.0,0
51,761,426,761,426,0,0,0.0,0.0,0
52,761,426,761,427,0,1,1.0,0.0,0
53,761,427,761,429,0,2,2.0,0.0,0
54,761,429,760,436,-1,7,7.071,0.0,0
55,760,436,760,440,0,4,4.0,0.0,0
56,760,440,760,444,0,4,4.0,0.0,0
57,760,444,760,445,0,1,1.0,0.0,0
58,760,445,760,447,0,2,2.0,0.0,0
59,760,447,760,450,0,3,3.0,0.0,0
60,760,450,760,454,0,4,4.0,0.0,0
61,760,454,760,459,0,5,5.0,0.0,0
62,760,459,759,462,-1,3,3.162,0.0,0
63,759,462,759,463,0,1,1.0,0.0,0
64,759,463,759,464,0,1,1.0,0.0,0
1,299,14,498,97,199,83,215.615,0.0,0
2,498,97,603,146,105,49,115.871,0.0,0
3,603,146,685,188,82,42,92.13,0.0,0
4,685,188,789,260,104,72,126.491,0.0,0
5,789,260,798,267,9,7,11.402,0.0,0
6,798,267,803,271,5,4,6.403,0.0,0
7,803,271,809,276,6,5,7.81,0.0,0
8,809,276,821,286,12,10,15.62,0.0,0
9,821,286,827,292,6,6,8.485,0.0,0
10,827,292,828,295,1,3,3.162,0.0,0
11,828,295,829,296,1,1,1.414,0.0,0
12,829,296,830,297,1,1,1.414,0.0,0
13,830,297,833,300,3,3,4.243,0.0,0
14,833,300,834,302,1,2,2.236,0.0,0
15,834,302,835,303,1,1,1.414,0.0,0
16,835,303,835,304,0,1,1.0,0.0,0
17,835,304,835,311,0,7,7.0,0.0,0
18,835,311,835,317,0,6,6.0,0.0,0
19,835,317,835,325,0,8,8.0,0.0,0
20,835,325,835,331,0,6,6.0,0.0,0
21,835,331,834,334,-1,3,3.162,0.0,0
22,834,334,828,340,-6,6,8.485,0.0,0
23,828,340,818,347,-10,7,12.207,0.0,0
24,818,347,812,349,-6,2,6.325,0.0,0
25,812,349,808,351,-4,2,4.472,0.0,0
26,808,351,805,353,-3,2,3.606,0.0,0
27,805,353,802,357,-3,4,5.0,0.0,0
28,802,357,798,364,-4,7,8.062,0.0,0
29,798,364,795,372,-3,8,8.544,0.0,0
30,795,372,794,373,-1,1,1.414,0.0,0
31,794,373,794,374,0,1,1.0,0.0,0
32,794,374,793,374,-1,0,1.0,0.0,0
33,793,374,793,374,0,0,0.0,0.0,0
34,793,374,793,374,0,0,0.0,0.0,0
35,793,374,793,374,0,0,0.0,0.0,0
36,793,374,794,373,1,-1,1.414,0.0,0
37,794,373,793,373,-1,0,1.0,0.0,0
38,793,373,793,374,0,1,1.0,0.0,0
39,793,374,792,376,-1,2,2.236,0.0,0
40,792,376,790,378,-2,2,2.828,0.0,0
41,790,378,787,380,-3,2,3.606,0.0,0
42,787,380,785,383,-2,3,3.606,0.0,0
43,785,383,783,386,-2,3,3.606,0.0,0
44,783,386,780,392,-3,6,6.708,0.0,0
45,780,392,778,396,-2,4,4.472,0.0,0
46,778,396,777,400,-1,4,4.123,0.0,0
47,777,400,777,401,0,1,1.0,0.0,0
48,777,401,776,403,-1,2,2.236,0.0,0
49,776,403,775,404,-1,1,1.414,0.0,0
50,775,404,774,405,-1,1,1.414,0.0,0
51,774,405,774,408,0,3,3.0,0.0,0
52,774,408,774,411,0,3,3.0,0.0,0
53,774,411,772,411,-2,0,2.0,0.0,0
54,772,411,771,409,-1,-2,2.236,0.0,0
55,771,409,766,404,-5,-5,7.071,0.001,7107.167
56,766,404,762,400,-4,-4,5.657,0.0,0
57,762,400,761,399,-1,-1,1.414,0.0,0
58,761,399,762,400,1,1,1.414,0.0,0
59,762,400,762,401,0,1,1.0,0.0,0
60,762,401,763,405,1,4,4.123,0.0,0
61,763,405,764,409,1,4,4.123,0.0,0
62,764,409,766,416,2,7,7.28,0.0,0
63,766,416,766,423,0,7,7.0,0.0,0
64,766,423,766,432,0,9,9.0,0.0,0
65,766,432,766,437,0,5,5.0,0.0,0
66,766,437,766,441,0,4,4.0,0.0,0
67,766,441,766,444,0,3,3.0,0.0,0
68,766,444,766,449,0,5,5.0,0.0,0
69,766,449,766,453,0,4,4.0,0.0,0
70,766,453,766,457,0,4,4.0,0.0,0
71,766,457,766,459,0,2,2.0,0.0,0
72,766,459,766,460,0,1,1.0,0.0,0
73,766,460,766,462,0,2,2.0,0.0,0
74,766,462,765,463,-1,1,1.414,0.0,0
75,765,463,765,465,0,2,2.0,0.0,0
76,765,465,765,466,0,1,1.0,0.0,0
77,765,466,765,471,0,5,5.0,0.0,0
78,765,471,766,476,1,5,5.099,0.0,0
1,225,3,265,22,40,19,44.283,0.0,0
2,265,22,351,68,86,46,97.529,0.0,0
3,351,68,418,108,67,40,78.032,0.0,0
4,418,108,465,139,47,31,56.303,0.0,0
5,465,139,504,172,39,33,51.088,0.0,0
6,504,172,524,189,20,17,26.249,0.0,0
7,524,189,548,209,24,20,31.241,0.0,0
8,548,209,574,229,26,20,32.802,0.0,0
9,574,229,593,251,19,22,29.069,0.0,0
10,593,251,610,268,17,17,24.042,0.0,0
11,610,268,621,282,11,14,17.804,0.0,0
12,621,282,628,290,7,8,10.63,0.0,0
13,628,290,630,293,2,3,3.606,0.0,0
14,630,293,633,295,3,2,3.606,0.0,0
15,633,295,641,301,8,6,10.0,0.0,0
16,641,301,658,310,17,9,19.235,0.0,0
17,658,310,665,315,7,5,8.602,0.0,0
18,665,315,665,316,0,1,1.0,0.0,0
19,665,316,666,316,1,0,1.0,0.0,0
20,666,316,670,318,4,2,4.472,0.0,0
21,670,318,678,322,8,4,8.944,0.0,0
22,678,322,687,325,9,3,9.487,0.0,0
23,687,325,694,331,7,6,9.22,0.0,0
24,694,331,702,335,8,4,8.944,0.0,0
25,702,335,711,341,9,6,10.817,0.0,0
26,711,341,720,348,9,7,11.402,0.0,0
27,720,348,726,352,6,4,7.211,0.0,0
28,726,352,729,354,3,2,3.606,0.0,0
29,729,354,730,354,1,0,1.0,0.0,0
30,730,354,738,357,8,3,8.544,0.0,0
31,738,357,750,362,12,5,13.0,0.0,0
32,750,362,759,366,9,4,9.849,0.0,0
33,759,366,762,369,3,3,4.243,0.0,0
34,762,369,763,369,1,0,1.0,0.0,0
35,763,369,764,369,1,0,1.0,0.0,0
36,764,369,764,369,0,0,0.0,0.0,0
37,764,369,764,369,0,0,0.0,0.0,0
38,764,369,764,369,0,0,0.0,0.0,0
39,764,369,764,370,0,1,1.0,0.0,0
40,764,370,764,372,0,2,2.0,0.0,0
41,764,372,764,377,0,5,5.0,0.0,0
42,764,377,764,381,0,4,4.0,0.0,0
43,764,381,764,388,0,7,7.0,0.0,0
44,764,388,764,394,0,6,6.0,0.0,0
45,764,394,766,401,2,7,7.28,0.0,0
46,766,401,767,405,1,4,4.123,0.0,0
47,767,405,769,411,2,6,6.325,0.0,0
48,769,411,770,416,1,5,5.099,0.0,0
49,770,416,773,420,3,4,5.0,0.0,0
50,773,420,776,425,3,5,5.831,0.0,0
51,776,425,778,427,2,2,2.828,0.0,0
52,778,427,779,428,1,1,1.414,0.0,0
53,779,428,779,428,0,0,0.0,0.0,0
54,779,428,779,432,0,4,4.0,0.0,0
55,779,432,779,438,0,6,6.0,0.0,0
56,779,438,779,446,0,8,8.0,0.0,0
57,779,446,779,451,0,5,5.0,0.0,0
58,779,451,779,452,0,1,1.0,0.0,0
59,779,452,779,452,0,0,0.0,0.0,0
60,779,452,779,450,0,-2,2.0,0.0,0
61,779,450,779,449,0,-1,1.0,0.0,0
62,779,449,779,447,0,-2,2.0,0.0,0
63,779,447,779,445,0,-2,2.0,0.0,0
64,779,445,779,444,0,-1,1.0,0.0,0
65,779,444,779,444,0,0,0.0,0.0,0
66,779,444,779,443,0,-1,1.0,0.0,0
67,779,443,779,440,0,-3,3.0,0.0,0
68,779,440,779,436,0,-4,4.0,0.0,0
69,779,436,779,435,0,-1,1.0,0.0,0
70,779,435,779,434,0,-1,1.0,0.0,0
71,779,434,779,432,0,-2,2.0,0.0,0
72,779,432,779,429,0,-3,3.0,0.0,0
73,779,429,779,428,0,-1,1.0,0.0,0
74,779,428,780,426,1,-2,2.236,0.0,0
75,780,426,778,418,-2,-8,8.246,0.0,0
76,778,418,750,372,-28,-46,53.852,0.0,0
77,750,372,676,266,-74,-106,129.275,0.0,0
78,676,266,638,228,-38,-38,53.74,0.0,0
79,638,228,619,217,-19,-11,21.954,0.0,0
80,619,217,615,214,-4,-3,5.0,0.0,0
81,615,214,615,215,0,1,1.0,0.0,0
82,615,215,615,218,0,3,3.0,0.0,0
83,615,218,615,220,0,2,2.0,0.0,0
84,615,220,617,223,2,3,3.606,0.0,0
85,617,223,620,231,3,8,8.544,0.0,0
86,620,231,621,234,1,3,3.162,0.0,0
87,621,234,621,235,0,1,1.0,0.0,0
88,621,235,622,245,1,10,10.05,0.0,0
89,622,245,624,259,2,14,14.142,0.0,0
90,624,259,630,276,6,17,18.028,0.0,0
91,630,276,638,298,8,22,23.409,0.0,0
92,638,298,648,316,10,18,20.591,0.0,0
93,648,316,657,332,9,16,18.358,0.0,0
94,657,332,666,346,9,14,16.643,0.0,0
95,666,346,674,359,8,13,15.264,0.0,0
96,674,359,684,371,10,12,15.62,0.0,0
97,684,371,693,384,9,13,15.811,0.0,0
98,693,384,703,402,10,18,20.591,0.0,0
99,703,402,709,411,6,9,10.817,0.0,0
100,709,411,714,416,5,5,7.071,0.0,0
101,714,416,715,420,1,4,4.123,0.0,0
102,715,420,717,422,2,2,2.828,0.0,0
103,717,422,720,428,3,6,6.708,0.0,0
104,720,428,723,435,3,7,7.616,0.0,0
105,723,435,729,444,6,9,10.817,0.0,0
106,729,444,731,451,2,7,7.28,0.0,0
107,731,451,734,455,3,4,5.0,0.0,0
108,734,455,737,460,3,5,5.831,0.0,0
109,737,460,742,468,5,8,9.434,0.0,0
110,742,468,744,471,2,3,3.606,0.0,0
111,744,471,745,473,1,2,2.236,0.0,0
112,745,473,746,474,1,1,1.414,0.001,1422.797
113,746,474,750,476,4,2,4.472,0.0,0
114,750,476,750,476,0,0,0.0,0.0,0
1,217,23,706,345,489,322,585.496,0.0,0
2,706,345,771,385,65,40,76.322,0.0,0
3,771,385,831,421,60,36,69.971,0.0,0
4,831,421,1020,555,189,134,231.683,0.0,0
5,1020,555,1021,556,1,1,1.414,0.0,0
6,1021,556,1022,556,1,0,1.0,0.0,0
7,1022,556,1023,557,1,1,1.414,0.0,0
8,1023,557,1024,559,1,2,2.236,0.0,0
9,1024,559,1024,560,0,1,1.0,0.0,0
10,1024,560,1026,562,2,2,2.828,0.0,0
11,1026,562,1025,557,-1,-5,5.099,0.0,0
12,1025,557,1018,546,-7,-11,13.038,0.0,0
13,1018,546,1007,529,-11,-17,20.248,0.0,0
14,1007,529,989,509,-18,-20,26.907,0.0,0
15,989,509,964,486,-25,-23,33.971,0.0,0
16,964,486,931,458,-33,-28,43.278,0.0,0
17,931,458,893,426,-38,-32,49.679,0.0,0
18,893,426,863,404,-30,-22,37.202,0.0,0
19,863,404,850,391,-13,-13,18.385,0.0,0
20,850,391,843,380,-7,-11,13.038,0.0,0
21,843,380,841,375,-2,-5,5.385,0.0,0
22,841,375,838,370,-3,-5,5.831,0.0,0
23,838,370,837,368,-1,-2,2.236,0.0,0
24,837,368,836,367,-1,-1,1.414,0.0,0
25,836,367,834,364,-2,-3,3.606,0.0,0
26,834,364,830,356,-4,-8,8.944,0.0,0
27,830,356,823,346,-7,-10,12.207,0.0,0
28,823,346,816,336,-7,-10,12.207,0.0,0
29,816,336,811,331,-5,-5,7.071,0.0,0
30,811,331,812,337,1,6,6.083,0.0,0
31,812,337,814,343,2,6,6.325,0.0,0
32,814,343,821,357,7,14,15.652,0.0,0
33,821,357,827,368,6,11,12.53,0.0,0
34,827,368,828,371,1,3,3.162,0.0,0
35,828,371,828,371,0,0,0.0,0.0,0
36,828,371,828,371,0,0,0.0,0.0,0
37,828,371,828,372,0,1,1.0,0.0,0
38,828,372,828,374,0,2,2.0,0.0,0
39,828,374,829,378,1,4,4.123,0.0,0
40,829,378,831,385,2,7,7.28,0.0,0
41,831,385,834,397,3,12,12.369,0.0,0
42,834,397,836,410,2,13,13.153,0.0,0
43,836,410,838,418,2,8,8.246,0.0,0
44,838,418,840,425,2,7,7.28,0.0,0
45,840,425,840,427,0,2,2.0,0.0,0
46,840,427,840,428,0,1,1.0,0.0,0
47,840,428,840,427,0,-1,1.0,0.0,0
48,840,427,838,426,-2,-1,2.236,0.0,0
49,838,426,837,425,-1,-1,1.414,0.0,0
50,837,425,837,426,0,1,1.0,0.0,0
51,837,426,836,428,-1,2,2.236,0.0,0
52,836,428,834,435,-2,7,7.28,0.0,0
53,834,435,834,440,0,5,5.0,0.0,0
54,834,440,833,445,-1,5,5.099,0.0,0
55,833,445,834,452,1,7,7.071,0.0,0
56,834,452,834,456,0,4,4.0,0.0,0
57,834,456,834,461,0,5,5.0,0.0,0
58,834,461,834,464,0,3,3.0,0.0,0
59,834,464,834,467,0,3,3.0,0.0,0
60,834,467,834,471,0,4,4.0,0.0,0
61,834,471,834,477,0,6,6.0,0.0,0
62,834,477,834,482,0,5,5.0,0.0,0
63,834,482,834,486,0,4,4.0,0.0,0
64,834,486,834,485,0,-1,1.0,0.0,0
65,834,485,834,484,0,-1,1.0,0.0,0
66,834,484,833,482,-1,-2,2.236,0.0,0
67,833,482,833,481,0,-1,1.0,0.001,1006.07
68,833,481,833,479,0,-2,2.0,0.0,0
1,642,262,741,301,99,39,106.405,0.0,0
2,741,301,844,346,103,45,112.401,0.0,0
3,844,346,858,356,14,10,17.205,0.0,0
4,858,356,871,366,13,10,16.401,0.0,0
5,871,366,878,372,7,6,9.22,0.0,0
6,878,372,881,376,3,4,5.0,0.0,0
7,881,376,883,382,2,6,6.325,0.0,0
8,883,382,885,388,2,6,6.325,0.0,0
9,885,388,888,393,3,5,5.831,0.0,0
10,888,393,889,395,1,2,2.236,0.0,0
11,889,395,888,394,-1,-1,1.414,0.0,0
12,888,394,887,393,-1,-1,1.414,0.0,0
13,887,393,887,392,0,-1,1.0,0.0,0
14,887,392,886,391,-1,-1,1.414,0.0,0
15,886,391,883,388,-3,-3,4.243,0.0,0
16,883,388,878,383,-5,-5,7.071,0.0,0
17,878,383,874,380,-4,-3,5.0,0.0,0
18,874,380,874,380,0,0,0.0,0.0,0
19,874,380,874,380,0,0,0.0,0.0,0
20,874,380,874,381,0,1,1.0,0.0,0
21,874,381,874,382,0,1,1.0,0.0,0
22,874,382,870,392,-4,10,10.77,0.0,0
23,870,392,864,401,-6,9,10.817,0.0,0
24,864,401,861,404,-3,3,4.243,0.0,0
25,861,404,859,406,-2,2,2.828,0.0,0
26,859,406,858,408,-1,2,2.236,0.0,0
27,858,408,858,410,0,2,2.0,0.0,0
28,858,410,857,412,-1,2,2.236,0.0,0
29,857,412,854,416,-3,4,5.0,0.0,0
30,854,416,849,422,-5,6,7.81,0.0,0
31,849,422,848,422,-1,0,1.0,0.0,0
32,848,422,847,422,-1,0,1.0,0.0,0
33,847,422,843,423,-4,1,4.123,0.0,0
34,843,423,842,426,-1,3,3.162,0.0,0
35,842,426,838,428,-4,2,4.472,0.0,0
36,838,428,835,429,-3,1,3.162,0.0,0
37,835,429,835,430,0,1,1.0,0.0,0
38,835,430,835,431,0,1,1.0,0.0,0
39,835,431,834,432,-1,1,1.414,0.0,0
40,834,432,833,435,-1,3,3.162,0.0,0
41,833,435,833,436,0,1,1.0,0.0,0
42,833,436,833,437,0,1,1.0,0.0,0
43,833,437,832,441,-1,4,4.123,0.0,0
44,832,441,831,444,-1,3,3.162,0.0,0
45,831,444,831,448,0,4,4.0,0.0,0
46,831,448,831,452,0,4,4.0,0.0,0
47,831,452,831,456,0,4,4.0,0.0,0
48,831,456,831,460,0,4,4.0,0.0,0
49,831,460,831,461,0,1,1.0,0.0,0
50,831,461,831,462,0,1,1.0,0.0,0
51,831,462,831,464,0,2,2.0,0.0,0
52,831,464,831,466,0,2,2.0,0.0,0
1,189,48,216,64,27,16,31.385,0.0,0
2,216,64,243,84,27,20,33.601,0.0,0
3,243,84,290,121,47,37,59.816,0.001,59635.87
4,290,121,325,148,35,27,44.204,0.0,0
5,325,148,354,172,29,24,37.643,0.0,0
6,354,172,386,196,32,24,40.0,0.0,0
7,386,196,420,220,34,24,41.617,0.0,0
8,420,220,453,242,33,22,39.661,0.0,0
9,453,242,496,268,43,26,50.249,0.0,0
10,496,268,519,281,23,13,26.42,0.0,0
11,519,281,540,291,21,10,23.259,0.0,0
12,540,291,559,295,19,4,19.416,0.0,0
13,559,295,578,300,19,5,19.647,0.0,0
14,578,300,594,303,16,3,16.279,0.0,0
15,594,303,606,306,12,3,12.369,0.0,0
16,606,306,611,308,5,2,5.385,0.0,0
17,611,308,613,308,2,0,2.0,0.0,0
18,613,308,616,308,3,0,3.0,0.0,0
19,616,308,618,308,2,0,2.0,0.0,0
20,618,308,627,313,9,5,10.296,0.0,0
21,627,313,652,324,25,11,27.313,0.0,0
22,652,324,675,331,23,7,24.042,0.0,0
23,675,331,700,340,25,9,26.571,0.0,0
24,700,340,730,353,30,13,32.696,0.0,0
25,730,353,760,365,30,12,32.311,0.0,0
26,760,365,784,371,24,6,24.739,0.0,0
27,784,371,795,374,11,3,11.402,0.0,0
28,795,374,799,374,4,0,4.0,0.0,0
29,799,374,802,374,3,0,3.0,0.0,0
30,802,374,803,374,1,0,1.0,0.0,0
31,803,374,805,375,2,1,2.236,0.0,0
32,805,375,805,375,0,0,0.0,0.0,0
33,805,375,805,375,0,0,0.0,0.0,0
34,805,375,805,375,0,0,0.0,0.0,0
35,805,375,805,377,0,2,2.0,0.0,0
36,805,377,804,377,-1,0,1.0,0.0,0
37,804,377,804,378,0,1,1.0,0.0,0
38,804,378,804,381,0,3,3.0,0.0,0
39,804,381,801,389,-3,8,8.544,0.0,0
40,801,389,794,397,-7,8,10.63,0.0,0
41,794,397,785,409,-9,12,15.0,0.0,0
42,785,409,781,412,-4,3,5.0,0.0,0
43,781,412,778,416,-3,4,5.0,0.0,0
44,778,416,776,420,-2,4,4.472,0.0,0
45,776,420,774,423,-2,3,3.606,0.0,0
46,774,423,774,424,0,1,1.0,0.0,0
47,774,424,774,426,0,2,2.0,0.0,0
48,774,426,774,427,0,1,1.0,0.0,0
49,774,427,774,428,0,1,1.0,0.0,0
50,774,428,774,428,0,0,0.0,0.0,0
51,774,428,773,430,-1,2,2.236,0.0,0
52,773,430,772,433,-1,3,3.162,0.0,0
53,772,433,771,435,-1,2,2.236,0.0,0
54,771,435,770,439,-1,4,4.123,0.0,0
55,770,439,770,442,0,3,3.0,0.0,0
56,770,442,770,445,0,3,3.0,0.0,0
57,770,445,770,447,0,2,2.0,0.0,0
58,770,447,770,449,0,2,2.0,0.0,0
59,770,449,770,450,0,1,1.0,0.0,0
60,770,450,771,452,1,2,2.236,0.0,0
61,771,452,771,452,0,0,0.0,0.0,0
62,771,452,772,455,1,3,3.162,0.0,0
63,772,455,774,459,2,4,4.472,0.0,0
64,774,459,780,471,6,12,13.416,0.0,0
65,780,471,782,475,2,4,4.472,0.0,0
66,782,475,783,476,1,1,1.414,0.0,0
1,172,17,218,44,46,27,53.339,0.0,0
2,218,44,313,106,95,62,113.442,0.0,0
3,313,106,415,172,102,66,121.491,0.0,0
4,415,172,632,298,217,126,250.928,0.0,0
5,632,298,655,311,23,13,26.42,0.0,0
6,655,311,673,322,18,11,21.095,0.0,0
7,673,322,698,336,25,14,28.653,0.0,0
8,698,336,717,347,19,11,21.954,0.0,0
9,717,347,728,354,11,7,13.038,0.0,0
10,728,354,730,356,2,2,2.828,0.0,0
11,730,356,731,356,1,0,1.0,0.0,0
12,731,356,733,357,2,1,2.236,0.0,0
13,733,357,738,362,5,5,7.071,0.0,0
14,738,362,744,368,6,6,8.485,0.0,0
15,744,368,760,376,16,8,17.889,0.0,0
16,760,376,763,378,3,2,3.606,0.0,0
17,763,378,765,378,2,0,2.0,0.0,0
18,765,378,769,379,4,1,4.123,0.0,0
19,769,379,771,380,2,1,2.236,0.0,0
20,771,380,783,381,12,1,12.042,0.0,0
21,783,381,794,382,11,1,11.045,0.0,0
22,794,382,801,382,7,0,7.0,0.0,0
23,801,382,803,382,2,0,2.0,0.0,0
24,803,382,804,382,1,0,1.0,0.0,0
25,804,382,805,382,1,0,1.0,0.0,0
26,805,382,805,382,0,0,0.0,0.0,0
27,805,382,805,382,0,0,0.0,0.0,0
28,805,382,799,383,-6,1,6.083,0.0,0
29,799,383,793,386,-6,3,6.708,0.0,0
30,793,386,786,389,-7,3,7.616,0.0,0
31,786,389,778,395,-8,6,10.0,0.0,0
32,778,395,774,397,-4,2,4.472,0.0,0
33,774,397,772,399,-2,2,2.828,0.0,0
34,772,399,769,401,-3,2,3.606,0.0,0
35,769,401,769,402,0,1,1.0,0.0,0
36,769,402,768,404,-1,2,2.236,0.0,0
37,768,404,767,405,-1,1,1.414,0.0,0
38,767,405,767,406,0,1,1.0,0.0,0
39,767,406,767,408,0,2,2.0,0.0,0
40,767,408,767,409,0,1,1.0,0.0,0
41,767,409,767,413,0,4,4.0,0.0,0
42,767,413,767,416,0,3,3.0,0.0,0
43,767,416,767,417,0,1,1.0,0.0,0
44,767,417,767,420,0,3,3.0,0.0,0
45,767,420,767,422,0,2,2.0,0.0,0
46,767,422,767,426,0,4,4.0,0.0,0
47,767,426,767,430,0,4,4.0,0.0,0
48,767,430,767,435,0,5,5.0,0.0,0
49,767,435,767,440,0,5,5.0,0.0,0
50,767,440,767,444,0,4,4.0,0.0,0
51,767,444,767,446,0,2,2.0,0.0,0
52,767,446,767,450,0,4,4.0,0.0,0
53,767,450,767,451,0,1,1.0,0.0,0
54,767,451,767,455,0,4,4.0,0.0,0
55,767,455,767,457,0,2,2.0,0.0,0
56,767,457,767,458,0,1,1.0,0.0,0
57,767,458,767,459,0,1,1.0,0.0,0
58,767,459,767,460,0,1,1.0,0.0,0
1,457,204,483,220,26,16,30.529,0.0,0
2,483,220,663,293,180,73,194.24,0.0,0
3,663,293,666,293,3,0,3.0,0.0,0
4,666,293,668,291,2,-2,2.828,0.0,0
5,668,291,669,288,1,-3,3.162,0.0,0
6,669,288,669,286,0,-2,2.0,0.0,0
7,669,286,670,285,1,-1,1.414,0.0,0
8,670,285,671,284,1,-1,1.414,0.0,0
9,671,284,672,282,1,-2,2.236,0.0,0
10,672,282,675,279,3,-3,4.243,0.0,0
11,675,279,682,276,7,-3,7.616,0.0,0
12,682,276,687,276,5,0,5.0,0.0,0
13,687,276,696,276,9,0,9.0,0.0,0
14,696,276,706,277,10,1,10.05,0.0,0
15,706,277,714,280,8,3,8.544,0.0,0
16,714,280,727,288,13,8,15.264,0.0,0
17,727,288,738,297,11,9,14.213,0.0,0
18,738,297,751,307,13,10,16.401,0.0,0
19,751,307,768,318,17,11,20.248,0.0,0
20,768,318,776,324,8,6,10.0,0.0,0
21,776,324,780,330,4,6,7.211,0.0,0
22,780,330,786,339,6,9,10.817,0.0,0
23,786,339,793,348,7,9,11.402,0.0,0
24,793,348,796,355,3,7,7.616,0.0,0
25,796,355,799,359,3,4,5.0,0.0,0
26,799,359,800,361,1,2,2.236,0.0,0
27,800,361,800,362,0,1,1.0,0.0,0
28,800,362,801,369,1,7,7.071,0.0,0
29,801,369,801,371,0,2,2.0,0.0,0
30,801,371,802,372,1,1,1.414,0.0,0
31,802,372,802,372,0,0,0.0,0.0,0
32,802,372,802,372,0,0,0.0,0.001,0.0
33,802,372,802,372,0,0,0.0,0.0,0
34,802,372,802,373,0,1,1.0,0.0,0
35,802,373,802,374,0,1,1.0,0.0,0
36,802,374,801,375,-1,1,1.414,0.0,0
37,801,375,801,378,0,3,3.0,0.0,0
38,801,378,801,380,0,2,2.0,0.0,0
39,801,380,802,390,1,10,10.05,0.0,0
40,802,390,804,403,2,13,13.153,0.0,0
41,804,403,807,414,3,11,11.402,0.0,0
42,807,414,809,420,2,6,6.325,0.0,0
43,809,420,809,421,0,1,1.0,0.0,0
44,809,421,809,422,0,1,1.0,0.0,0
45,809,422,809,423,0,1,1.0,0.0,0
46,809,423,809,424,0,1,1.0,0.0,0
47,809,424,808,426,-1,2,2.236,0.0,0
48,808,426,808,427,0,1,1.0,0.0,0
49,808,427,808,428,0,1,1.0,0.0,0
50,808,428,808,431,0,3,3.0,0.0,0
51,808,431,808,434,0,3,3.0,0.0,0
52,808,434,808,435,0,1,1.0,0.0,0
53,808,435,808,436,0,1,1.0,0.0,0
54,808,436,807,439,-1,3,3.162,0.0,0
55,807,439,805,444,-2,5,5.385,0.0,0
56,805,444,804,447,-1,3,3.162,0.0,0
57,804,447,804,448,0,1,1.0,0.0,0
58,804,448,804,449,0,1,1.0,0.0,0
59,804,449,804,451,0,2,2.0,0.0,0
60,804,451,802,454,-2,3,3.606,0.0,0
61,802,454,802,455,0,1,1.0,0.0,0
62,802,455,802,457,0,2,2.0,0.0,0
63,802,457,802,459,0,2,2.0,0.0,0
64,802,459,802,460,0,1,1.0,0.0,0
65,802,460,802,461,0,1,1.0,0.0,0
66,802,461,802,462,0,1,1.0,0.0,0
67,802,462,802,463,0,1,1.0,0.0,0
1,356,192,395,216,39,24,45.793,0.0,0
2,395,216,583,332,188,116,220.907,0.0,0
3,583,332,592,336,9,4,9.849,0.0,0
4,592,336,598,340,6,4,7.211,0.0,0
5,598,340,603,344,5,4,6.403,0.0,0
6,603,344,605,345,2,1,2.236,0.0,0
7,605,345,608,346,3,1,3.162,0.0,0
8,608,346,610,348,2,2,2.828,0.0,0
9,610,348,611,348,1,0,1.0,0.0,0
10,611,348,612,348,1,0,1.0,0.0,0
11,612,348,614,348,2,0,2.0,0.0,0
12,614,348,618,349,4,1,4.123,0.0,0
13,618,349,620,349,2,0,2.0,0.0,0
14,620,349,633,349,13,0,13.0,0.0,0
15,633,349,649,349,16,0,16.0,0.0,0
16,649,349,666,349,17,0,17.0,0.0,0
17,666,349,686,349,20,0,20.0,0.0,0
18,686,349,699,351,13,2,13.153,0.0,0
19,699,351,711,353,12,2,12.166,0.0,0
20,711,353,723,355,12,2,12.166,0.0,0
21,723,355,738,356,15,1,15.033,0.0,0
22,738,356,744,358,6,2,6.325,0.0,0
23,744,358,749,360,5,2,5.385,0.0,0
24,749,360,754,362,5,2,5.385,0.0,0
25,754,362,755,363,1,1,1.414,0.0,0
26,755,363,755,363,0,0,0.0,0.0,0
27,755,363,755,363,0,0,0.0,0.0,0
28,755,363,755,363,0,0,0.0,0.0,0
29,755,363,754,364,-1,1,1.414,0.0,0
30,754,364,754,367,0,3,3.0,0.0,0
31,754,367,753,372,-1,5,5.099,0.0,0
32,753,372,753,375,0,3,3.0,0.0,0
33,753,375,753,377,0,2,2.0,0.0,0
34,753,377,753,380,0,3,3.0,0.0,0
35,753,380,752,385,-1,5,5.099,0.0,0
36,752,385,752,388,0,3,3.0,0.0,0
37,752,388,748,394,-4,6,7.211,0.0,0
38,748,394,748,400,0,6,6.0,0.0,0
39,748,400,748,408,0,8,8.0,0.0,0
40,748,408,749,414,1,6,6.083,0.0,0
41,749,414,751,418,2,4,4.472,0.0,0
42,751,418,751,419,0,1,1.0,0.0,0
43,751,419,750,419,-1,0,1.0,0.0,0
44,750,419,749,419,-1,0,1.0,0.0,0
45,749,419,748,419,-1,0,1.0,0.0,0
46,748,419,748,420,0,1,1.0,0.0,0
47,748,420,748,421,0,1,1.0,0.0,0
48,748,421,748,422,0,1,1.0,0.0,0
49,748,422,748,424,0,2,2.0,0.0,0
50,748,424,749,425,1,1,1.414,0.0,0
51,749,425,749,426,0,1,1.0,0.0,0
52,749,426,750,427,1,1,1.414,0.0,0
53,750,427,751,428,1,1,1.414,0.0,0
54,751,428,751,428,0,0,0.0,0.0,0
55,751,428,754,429,3,1,3.162,0.0,0
56,754,429,757,434,3,5,5.831,0.0,0
57,757,434,760,437,3,3,4.243,0.0,0
58,760,437,761,439,1,2,2.236,0.0,0
59,761,439,761,440,0,1,1.0,0.0,0
60,761,440,761,442,0,2,2.0,0.0,0
61,761,442,762,445,1,3,3.162,0.0,0
62,762,445,763,446,1,1,1.414,0.0,0
63,763,446,764,449,1,3,3.162,0.0,0
64,764,449,765,450,1,1,1.414,0.0,0
65,765,450,767,453,2,3,3.606,0.0,0
66,767,453,769,456,2,3,3.606,0.0,0
67,769,456,770,458,1,2,2.236,0.0,0
68,770,458,771,460,1,2,2.236,0.0,0
69,771,460,773,464,2,4,4.472,0.0,0
70,773,464,774,466,1,2,2.236,0.0,0
71,774,466,774,467,0,1,1.0,0.0,0
1,193,9,431,120,238,111,262.612,0.0,0
2,431,120,486,148,55,28,61.717,0.0,0
3,486,148,509,162,23,14,26.926,0.0,0
4,509,162,548,185,39,23,45.277,0.0,0
5,548,185,645,241,97,56,112.004,0.0,0
6,645,241,662,255,17,14,22.023,0.0,0
7,662,255,677,268,15,13,19.849,0.0,0
8,677,268,689,279,12,11,16.279,0.001,16245.14
9,689,279,701,289,12,10,15.62,0.0,0
10,701,289,716,303,15,14,20.518,0.0,0
11,716,303,729,314,13,11,17.029,0.0,0
12,729,314,742,324,13,10,16.401,0.0,0
13,742,324,758,332,16,8,17.889,0.0,0
14,758,332,770,339,12,7,13.892,0.0,0
15,770,339,776,341,6,2,6.325,0.0,0
16,776,341,777,341,1,0,1.0,0.0,0
17,777,341,778,343,1,2,2.236,0.0,0
18,778,343,778,344,0,1,1.0,0.0,0
19,778,344,778,349,0,5,5.0,0.0,0
20,778,349,780,355,2,6,6.325,0.0,0
21,780,355,781,361,1,6,6.083,0.0,0
22,781,361,782,364,1,3,3.162,0.0,0
23,782,364,783,367,1,3,3.162,0.0,0
24,783,367,784,366,1,-1,1.414,0.0,0
25,784,366,784,366,0,0,0.0,0.0,0
26,784,366,784,366,0,0,0.0,0.0,0
27,784,366,785,366,1,0,1.0,0.0,0
28,785,366,785,366,0,0,0.0,0.0,0
29,785,366,785,368,0,2,2.0,0.0,0
30,785,368,781,372,-4,4,5.657,0.0,0
31,781,372,770,392,-11,20,22.825,0.0,0
32,770,392,763,411,-7,19,20.248,0.0,0
33,763,411,761,421,-2,10,10.198,0.0,0
34,761,421,760,424,-1,3,3.162,0.0,0
35,760,424,759,426,-1,2,2.236,0.0,0
36,759,426,759,427,0,1,1.0,0.0,0
37,759,427,759,428,0,1,1.0,0.0,0
38,759,428,759,428,0,0,0.0,0.0,0
39,759,428,758,428,-1,0,1.0,0.0,0
40,758,428,760,431,2,3,3.606,0.0,0
41,760,431,762,436,2,5,5.385,0.0,0
42,762,436,765,443,3,7,7.616,0.0,0
43,765,443,770,457,5,14,14.866,0.0,0
44,770,457,772,462,2,5,5.385,0.0,0
45,772,462,772,463,0,1,1.0,0.0,0
46,772,463,773,463,1,0,1.0,0.0,0
1,154,1,154,1,0,0,0.0,0.0,0
2,154,1,357,76,203,75,216.412,0.0,0
3,357,76,390,87,33,11,34.785,0.001,34996.184
4,390,87,420,96,30,9,31.321,0.0,0
5,420,96,455,107,35,11,36.688,0.0,0
6,455,107,476,114,21,7,22.136,0.0,0
7,476,114,488,119,12,5,13.0,0.0,0
8,488,119,496,125,8,6,10.0,0.0,0
9,496,125,500,131,4,6,7.211,0.0,0
10,500,131,504,140,4,9,9.849,0.0,0
11,504,140,504,142,0,2,2.0,0.0,0
12,504,142,504,145,0,3,3.0,0.0,0
13,504,145,501,147,-3,2,3.606,0.0,0
14,501,147,503,148,2,1,2.236,0.0,0
15,503,148,520,155,17,7,18.385,0.0,0
16,520,155,589,202,69,47,83.487,0.0,0
17,589,202,640,234,51,32,60.208,0.0,0
18,640,234,676,258,36,24,43.267,0.0,0
19,676,258,704,288,28,30,41.037,0.0,0
20,704,288,733,324,29,36,46.228,0.0,0
21,733,324,754,345,21,21,29.698,0.0,0
22,754,345,765,356,11,11,15.556,0.0,0
23,765,356,770,363,5,7,8.602,0.0,0
24,770,363,771,365,1,2,2.236,0.0,0
25,771,365,772,366,1,1,1.414,0.0,0
26,772,366,772,368,0,2,2.0,0.0,0
27,772,368,772,369,0,1,1.0,0.0,0
28,772,369,772,370,0,1,1.0,0.0,0
29,772,370,773,371,1,1,1.414,0.0,0
30,773,371,774,372,1,1,1.414,0.0,0
31,774,372,775,374,1,2,2.236,0.0,0
32,775,374,777,376,2,2,2.828,0.0,0
33,777,376,778,376,1,0,1.0,0.0,0
34,778,376,778,376,0,0,0.0,0.0,0
35,778,376,778,376,0,0,0.0,0.0,0
36,778,376,778,376,0,0,0.0,0.0,0
37,778,376,778,376,0,0,0.0,0.0,0
38,778,376,778,376,0,0,0.0,0.0,0
39,778,376,778,375,0,-1,1.0,0.0,0
40,778,375,777,376,-1,1,1.414,0.0,0
41,777,376,777,378,0,2,2.0,0.0,0
42,777,378,777,380,0,2,2.0,0.0,0
43,777,380,777,388,0,8,8.0,0.0,0
44,777,388,777,393,0,5,5.0,0.0,0
45,777,393,777,396,0,3,3.0,0.0,0
46,777,396,775,398,-2,2,2.828,0.0,0
47,775,398,774,402,-1,4,4.123,0.0,0
48,774,402,774,406,0,4,4.0,0.0,0
49,774,406,774,409,0,3,3.0,0.0,0
50,774,409,774,413,0,4,4.0,0.0,0
51,774,413,774,418,0,5,5.0,0.0,0
52,774,418,774,420,0,2,2.0,0.0,0
53,774,420,773,421,-1,1,1.414,0.0,0
54,773,421,771,422,-2,1,2.236,0.0,0
55,771,422,771,423,0,1,1.0,0.0,0
56,771,423,770,424,-1,1,1.414,0.0,0
57,770,424,768,430,-2,6,6.325,0.0,0
58,768,430,768,433,0,3,3.0,0.0,0
59,768,433,768,435,0,2,2.0,0.0,0
60,768,435,768,436,0,1,1.0,0.0,0
61,768,436,768,436,0,0,0.0,0.0,0
62,768,436,768,440,0,4,4.0,0.0,0
63,768,440,770,444,2,4,4.472,0.0,0
64,770,444,771,448,1,4,4.123,0.0,0
65,771,448,774,451,3,3,4.243,0.0,0
66,774,451,776,454,2,3,3.606,0.0,0
67,776,454,778,458,2,4,4.472,0.0,0
68,778,458,779,460,1,2,2.236,0.0,0
69,779,460,779,461,0,1,1.0,0.0,0
70,779,461,779,462,0,1,1.0,0.0,0
71,779,462,780,464,1,2,2.236,0.0,0
72,780,464,782,471,2,7,7.28,0.0,0
73,782,471,784,476,2,5,5.385,0.0,0
74,784,476,784,477,0,1,1.0,0.0,0
1,417,5,455,44,38,39,54.452,0.0,0
2,455,44,488,78,33,34,47.381,0.0,0
3,488,78,537,146,49,68,83.815,0.0,0
4,537,146,581,217,44,71,83.528,0.0,0
5,581,217,632,316,51,99,111.364,0.0,0
6,632,316,652,349,20,33,38.588,0.0,0
7,652,349,660,359,8,10,12.806,0.0,0
8,660,359,663,361,3,2,3.606,0.0,0
9,663,361,667,363,4,2,4.472,0.0,0
10,667,363,672,367,5,4,6.403,0.0,0
11,672,367,675,371,3,4,5.0,0.0,0
12,675,371,687,379,12,8,14.422,0.0,0
13,687,379,706,380,19,1,19.026,0.0,0
14,706,380,722,374,16,-6,17.088,0.0,0
15,722,374,741,368,19,-6,19.925,0.0,0
16,741,368,761,367,20,-1,20.025,0.0,0
17,761,367,775,367,14,0,14.0,0.0,0
18,775,367,782,368,7,1,7.071,0.0,0
19,782,368,786,370,4,2,4.472,0.0,0
20,786,370,787,370,1,0,1.0,0.0,0
21,787,370,788,371,1,1,1.414,0.0,0
22,788,371,788,371,0,0,0.0,0.0,0
23,788,371,788,371,0,0,0.0,0.0,0
24,788,371,788,371,0,0,0.0,0.0,0
25,788,371,789,371,1,0,1.0,0.0,0
26,789,371,790,370,1,-1,1.414,0.0,0
27,790,370,790,371,0,1,1.0,0.0,0
28,790,371,792,376,2,5,5.385,0.0,0
29,792,376,793,378,1,2,2.236,0.0,0
30,793,378,793,379,0,1,1.0,0.0,0
31,793,379,794,381,1,2,2.236,0.0,0
32,794,381,796,386,2,5,5.385,0.0,0
33,796,386,797,388,1,2,2.236,0.0,0
34,797,388,799,390,2,2,2.828,0.001,2839.465
35,799,390,800,392,1,2,2.236,0.0,0
36,800,392,800,394,0,2,2.0,0.0,0
37,800,394,802,397,2,3,3.606,0.0,0
38,802,397,803,404,1,7,7.071,0.0,0
39,803,404,805,406,2,2,2.828,0.0,0
40,805,406,806,408,1,2,2.236,0.0,0
41,806,408,806,409,0,1,1.0,0.0,0
42,806,409,807,409,1,0,1.0,0.0,0
43,807,409,807,409,0,0,0.0,0.0,0
44,807,409,808,409,1,0,1.0,0.0,0
45,808,409,810,410,2,1,2.236,0.0,0
46,810,410,813,415,3,5,5.831,0.0,0
47,813,415,826,437,13,22,25.554,0.0,0
48,826,437,832,451,6,14,15.232,0.0,0
49,832,451,834,462,2,11,11.18,0.0,0
50,834,462,836,475,2,13,13.153,0.0,0
51,836,475,841,492,5,17,17.72,0.0,0
52,841,492,844,511,3,19,19.235,0.0,0
53,844,511,844,527,0,16,16.0,0.0,0
54,844,527,844,538,0,11,11.0,0.0,0
55,844,538,844,546,0,8,8.0,0.0,0
56,844,546,844,549,0,3,3.0,0.0,0
57,844,549,843,556,-1,7,7.071,0.0,0
58,843,556,842,559,-1,3,3.162,0.0,0
59,842,559,841,564,-1,5,5.099,0.0,0
60,841,564,840,564,-1,0,1.0,0.0,0
61,840,564,840,565,0,1,1.0,0.0,0
62,840,565,839,567,-1,2,2.236,0.0,0
63,839,567,838,568,-1,1,1.414,0.0,0
64,838,568,837,568,-1,0,1.0,0.0,0
65,837,568,834,567,-3,-1,3.162,0.0,0
66,834,567,833,564,-1,-3,3.162,0.0,0
67,833,564,832,560,-1,-4,4.123,0.0,0
68,832,560,830,549,-2,-11,11.18,0.0,0
69,830,549,826,537,-4,-12,12.649,0.0,0
70,826,537,825,524,-1,-13,13.038,0.0,0
71,825,524,823,517,-2,-7,7.28,0.0,0
72,823,517,822,512,-1,-5,5.099,0.0,0
73,822,512,820,505,-2,-7,7.28,0.0,0
74,820,505,819,502,-1,-3,3.162,0.0,0
75,819,502,819,500,0,-2,2.0,0.0,0
76,819,500,819,498,0,-2,2.0,0.0,0
77,819,498,818,492,-1,-6,6.083,0.0,0
78,818,492,818,489,0,-3,3.0,0.0,0
79,818,489,818,487,0,-2,2.0,0.0,0
80,818,487,818,482,0,-5,5.0,0.0,0
81,818,482,817,478,-1,-4,4.123,0.0,0
82,817,478,816,474,-1,-4,4.123,0.0,0
1,417,5,455,44,38,39,54.452,0.0,0
2,455,44,488,78,33,34,47.381,0.0,0
3,488,78,537,146,49,68,83.815,0.001,83068.699
4,537,146,581,217,44,71,83.528,0.0,0
5,581,217,632,316,51,99,111.364,0.0,0
6,632,316,652,349,20,33,38.588,0.0,0
7,652,349,660,359,8,10,12.806,0.0,0
8,660,359,663,361,3,2,3.606,0.0,0
9,663,361,667,363,4,2,4.472,0.0,0
10,667,363,672,367,5,4,6.403,0.0,0
11,672,367,675,371,3,4,5.0,0.0,0
12,675,371,687,379,12,8,14.422,0.0,0
13,687,379,706,380,19,1,19.026,0.0,0
14,706,380,722,374,16,-6,17.088,0.0,0
15,722,374,741,368,19,-6,19.925,0.0,0
16,741,368,761,367,20,-1,20.025,0.0,0
17,761,367,775,367,14,0,14.0,0.0,0
18,775,367,782,368,7,1,7.071,0.0,0
19,782,368,786,370,4,2,4.472,0.0,0
20,786,370,787,370,1,0,1.0,0.0,0
21,787,370,788,371,1,1,1.414,0.0,0
22,788,371,788,371,0,0,0.0,0.0,0
23,788,371,788,371,0,0,0.0,0.0,0
24,788,371,788,371,0,0,0.0,0.0,0
25,788,371,789,371,1,0,1.0,0.0,0
26,789,371,790,370,1,-1,1.414,0.0,0
27,790,370,790,371,0,1,1.0,0.0,0
28,790,371,792,376,2,5,5.385,0.0,0
29,792,376,793,378,1,2,2.236,0.0,0
30,793,378,793,379,0,1,1.0,0.0,0
31,793,379,794,381,1,2,2.236,0.0,0
32,794,381,796,386,2,5,5.385,0.0,0
33,796,386,797,388,1,2,2.236,0.0,0
34,797,388,799,390,2,2,2.828,0.0,0
35,799,390,800,392,1,2,2.236,0.0,0
36,800,392,800,394,0,2,2.0,0.0,0
37,800,394,802,397,2,3,3.606,0.0,0
38,802,397,803,404,1,7,7.071,0.0,0
39,803,404,805,406,2,2,2.828,0.0,0
40,805,406,806,408,1,2,2.236,0.0,0
41,806,408,806,409,0,1,1.0,0.0,0
42,806,409,807,409,1,0,1.0,0.0,0
43,807,409,807,409,0,0,0.0,0.0,0
44,807,409,808,409,1,0,1.0,0.0,0
45,808,409,810,410,2,1,2.236,0.0,0
46,810,410,813,415,3,5,5.831,0.0,0
47,813,415,826,437,13,22,25.554,0.0,0
48,826,437,832,451,6,14,15.232,0.0,0
49,832,451,834,462,2,11,11.18,0.0,0
50,834,462,836,475,2,13,13.153,0.0,0
51,836,475,841,492,5,17,17.72,0.0,0
52,841,492,844,511,3,19,19.235,0.0,0
53,844,511,844,527,0,16,16.0,0.0,0
54,844,527,844,538,0,11,11.0,0.0,0
55,844,538,844,546,0,8,8.0,0.0,0
56,844,546,844,549,0,3,3.0,0.0,0
57,844,549,843,556,-1,7,7.071,0.0,0
58,843,556,842,559,-1,3,3.162,0.0,0
59,842,559,841,564,-1,5,5.099,0.0,0
60,841,564,840,564,-1,0,1.0,0.0,0
61,840,564,840,565,0,1,1.0,0.0,0
62,840,565,839,567,-1,2,2.236,0.0,0
63,839,567,838,568,-1,1,1.414,0.0,0
64,838,568,837,568,-1,0,1.0,0.0,0
65,837,568,834,567,-3,-1,3.162,0.0,0
66,834,567,833,564,-1,-3,3.162,0.0,0
67,833,564,832,560,-1,-4,4.123,0.0,0
68,832,560,830,549,-2,-11,11.18,0.0,0
69,830,549,826,537,-4,-12,12.649,0.0,0
70,826,537,825,524,-1,-13,13.038,0.0,0
71,825,524,823,517,-2,-7,7.28,0.0,0
72,823,517,822,512,-1,-5,5.099,0.0,0
73,822,512,820,505,-2,-7,7.28,0.0,0
74,820,505,819,502,-1,-3,3.162,0.0,0
75,819,502,819,500,0,-2,2.0,0.0,0
76,819,500,819,498,0,-2,2.0,0.0,0
77,819,498,818,492,-1,-6,6.083,0.0,0
78,818,492,818,489,0,-3,3.0,0.0,0
79,818,489,818,487,0,-2,2.0,0.0,0
80,818,487,818,482,0,-5,5.0,0.0,0
81,818,482,817,478,-1,-4,4.123,0.0,0
82,817,478,816,474,-1,-4,4.123,0.0,0
83,816,474,816,476,0,2,2.0,0.0,0
84,816,476,818,481,2,5,5.385,0.0,0
85,818,481,821,484,3,3,4.243,0.0,0
86,821,484,835,503,14,19,23.601,0.0,0
87,835,503,850,521,15,18,23.431,0.0,0
88,850,521,868,545,18,24,30.0,0.0,0
89,868,545,898,581,30,36,46.861,0.0,0
90,898,581,936,629,38,48,61.221,0.0,0
91,936,629,973,678,37,49,61.4,0.0,0
92,973,678,1010,728,37,50,62.201,0.0,0
93,1010,728,1048,772,38,44,58.138,0.0,0
94,1048,772,912,783,-136,11,136.444,0.0,0
95,912,783,907,779,-5,-4,6.403,0.0,0
96,907,779,897,763,-10,-16,18.868,0.0,0
97,897,763,883,737,-14,-26,29.53,0.0,0
98,883,737,860,699,-23,-38,44.418,0.0,0
99,860,699,822,636,-38,-63,73.573,0.0,0
100,822,636,780,565,-42,-71,82.492,0.0,0
101,780,565,738,496,-42,-69,80.777,0.0,0
102,738,496,690,432,-48,-64,80.0,0.0,0
103,690,432,651,382,-39,-50,63.411,0.0,0
104,651,382,626,348,-25,-34,42.202,0.0,0
105,626,348,611,323,-15,-25,29.155,0.0,0
106,611,323,603,306,-8,-17,18.788,0.0,0
107,603,306,594,284,-9,-22,23.77,0.0,0
108,594,284,593,280,-1,-4,4.123,0.0,0
109,593,280,591,272,-2,-8,8.246,0.0,0
110,591,272,591,264,0,-8,8.0,0.0,0
111,591,264,591,254,0,-10,10.0,0.0,0
112,591,254,592,252,1,-2,2.236,0.0,0
113,592,252,593,250,1,-2,2.236,0.0,0
114,593,250,598,246,5,-4,6.403,0.0,0
115,598,246,604,244,6,-2,6.325,0.0,0
116,604,244,608,243,4,-1,4.123,0.0,0
117,608,243,610,242,2,-1,2.236,0.0,0
118,610,242,612,242,2,0,2.0,0.0,0
119,612,242,624,244,12,2,12.166,0.0,0
120,624,244,631,246,7,2,7.28,0.0,0
121,631,246,649,256,18,10,20.591,0.0,0
122,649,256,655,260,6,4,7.211,0.0,0
123,655,260,658,264,3,4,5.0,0.0,0
124,658,264,661,269,3,5,5.831,0.0,0
125,661,269,662,271,1,2,2.236,0.0,0
126,662,271,666,276,4,5,6.403,0.0,0
127,666,276,681,288,15,12,19.209,0.0,0
128,681,288,696,298,15,10,18.028,0.0,0
129,696,298,699,302,3,4,5.0,0.001,5000.362
130,699,302,699,305,0,3,3.0,0.0,0
131,699,305,690,308,-9,3,9.487,0.0,0
132,690,308,658,307,-32,-1,32.016,0.0,0
133,658,307,627,294,-31,-13,33.615,0.0,0
134,627,294,577,272,-50,-22,54.626,0.0,0
135,577,272,526,252,-51,-20,54.781,0.0,0
136,526,252,458,218,-68,-34,76.026,0.0,0
137,458,218,379,177,-79,-41,89.006,0.0,0
138,379,177,306,142,-73,-35,80.957,0.0,0
139,306,142,263,117,-43,-25,49.739,0.0,0
140,263,117,241,101,-22,-16,27.203,0.0,0
141,241,101,229,88,-12,-13,17.692,0.0,0
142,229,88,223,77,-6,-11,12.53,0.0,0
143,223,77,220,71,-3,-6,6.708,0.0,0
144,220,71,219,67,-1,-4,4.123,0.0,0
145,219,67,218,65,-1,-2,2.236,0.0,0
146,218,65,217,61,-1,-4,4.123,0.0,0
147,217,61,215,59,-2,-2,2.828,0.0,0
148,215,59,209,56,-6,-3,6.708,0.0,0
149,209,56,199,53,-10,-3,10.44,0.0,0
150,199,53,187,47,-12,-6,13.416,0.0,0
151,187,47,176,39,-11,-8,13.601,0.0,0
152,176,39,159,30,-17,-9,19.235,0.0,0
153,159,30,140,20,-19,-10,21.471,0.0,0
154,140,20,117,10,-23,-10,25.08,0.0,0
155,117,10,94,0,-23,-10,25.08,0.0,0
156,94,0,186,16,92,16,93.381,0.0,0
157,186,16,227,39,41,23,47.011,0.0,0
158,227,39,316,90,89,51,102.577,0.0,0
159,316,90,394,141,78,51,93.193,0.0,0
160,394,141,461,188,67,47,81.841,0.0,0
161,461,188,523,236,62,48,78.409,0.0,0
162,523,236,583,286,60,50,78.102,0.0,0
163,583,286,614,320,31,34,46.011,0.0,0
164,614,320,636,341,22,21,30.414,0.0,0
165,636,341,654,364,18,23,29.206,0.0,0
166,654,364,679,388,25,24,34.655,0.0,0
167,679,388,700,409,21,21,29.698,0.0,0
168,700,409,713,421,13,12,17.692,0.0,0
169,713,421,721,427,8,6,10.0,0.0,0
170,721,427,726,432,5,5,7.071,0.0,0
171,726,432,727,434,1,2,2.236,0.0,0
172,727,434,729,435,2,1,2.236,0.0,0
173,729,435,729,436,0,1,1.0,0.0,0
174,729,436,729,436,0,0,0.0,0.0,0
175,729,436,730,438,1,2,2.236,0.0,0
176,730,438,732,441,2,3,3.606,0.0,0
177,732,441,744,454,12,13,17.692,0.0,0
178,744,454,761,468,17,14,22.023,0.0,0
179,761,468,771,478,10,10,14.142,0.0,0
180,771,478,778,482,7,4,8.062,0.0,0
181,778,482,779,484,1,2,2.236,0.0,0
1,213,27,213,27,0,0,0.0,0.0,0
2,213,27,457,169,244,142,282.312,0.0,0
3,457,169,487,188,30,19,35.511,0.0,0
4,487,188,511,203,24,15,28.302,0.0,0
5,511,203,545,227,34,24,41.617,0.0,0
6,545,227,578,251,33,24,40.804,0.0,0
7,578,251,599,266,21,15,25.807,0.0,0
8,599,266,631,287,32,21,38.275,0.0,0
9,631,287,656,304,25,17,30.232,0.0,0
10,656,304,678,319,22,15,26.627,0.0,0
11,678,319,698,333,20,14,24.413,0.0,0
12,698,333,712,345,14,12,18.439,0.0,0
13,712,345,728,356,16,11,19.416,0.0,0
14,728,356,733,359,5,3,5.831,0.0,0
15,733,359,738,362,5,3,5.831,0.0,0
16,738,362,746,364,8,2,8.246,0.0,0
17,746,364,749,366,3,2,3.606,0.0,0
18,749,366,753,367,4,1,4.123,0.0,0
19,753,367,757,369,4,2,4.472,0.0,0
20,757,369,762,370,5,1,5.099,0.0,0
21,762,370,765,370,3,0,3.0,0.0,0
22,765,370,768,370,3,0,3.0,0.0,0
23,768,370,773,370,5,0,5.0,0.0,0
24,773,370,783,370,10,0,10.0,0.0,0
25,783,370,787,370,4,0,4.0,0.0,0
26,787,370,789,370,2,0,2.0,0.0,0
27,789,370,791,370,2,0,2.0,0.0,0
28,791,370,791,370,0,0,0.0,0.0,0
29,791,370,791,370,0,0,0.0,0.0,0
30,791,370,791,370,0,0,0.0,0.0,0
31,791,370,792,370,1,0,1.0,0.0,0
32,792,370,792,371,0,1,1.0,0.0,0
33,792,371,792,373,0,2,2.0,0.0,0
34,792,373,792,377,0,4,4.0,0.0,0
35,792,377,792,381,0,4,4.0,0.0,0
36,792,381,792,388,0,7,7.0,0.0,0
37,792,388,792,394,0,6,6.0,0.0,0
38,792,394,792,399,0,5,5.0,0.0,0
39,792,399,792,401,0,2,2.0,0.0,0
40,792,401,792,402,0,1,1.0,0.0,0
41,792,402,792,404,0,2,2.0,0.0,0
42,792,404,792,404,0,0,0.0,0.0,0
43,792,404,792,406,0,2,2.0,0.0,0
44,792,406,792,408,0,2,2.0,0.0,0
45,792,408,791,408,-1,0,1.0,0.0,0
46,791,408,790,408,-1,0,1.0,0.0,0
47,790,408,790,407,0,-1,1.0,0.0,0
48,790,407,789,407,-1,0,1.0,0.0,0
49,789,407,788,407,-1,0,1.0,0.0,0
50,788,407,786,407,-2,0,2.0,0.0,0
51,786,407,785,408,-1,1,1.414,0.0,0
52,785,408,785,411,0,3,3.0,0.0,0
53,785,411,785,418,0,7,7.0,0.0,0
54,785,418,785,424,0,6,6.0,0.0,0
55,785,424,785,428,0,4,4.0,0.0,0
56,785,428,786,435,1,7,7.071,0.0,0
57,786,435,787,440,1,5,5.099,0.0,0
58,787,440,787,448,0,8,8.0,0.0,0
59,787,448,788,457,1,9,9.055,0.0,0
60,788,457,790,462,2,5,5.385,0.0,0
61,790,462,790,464,0,2,2.0,0.0,0
62,790,464,790,466,0,2,2.0,0.001,2008.285
63,790,466,791,467,1,1,1.414,0.0,0
1,891,760,868,716,-23,-44,49.649,0.0,0
2,868,716,831,654,-37,-62,72.201,0.0,0
3,831,654,773,556,-58,-98,113.877,0.0,0
4,773,556,741,502,-32,-54,62.769,0.0,0
5,741,502,712,455,-29,-47,55.227,0.0,0
6,712,455,690,412,-22,-43,48.301,0.0,0
7,690,412,675,385,-15,-27,30.887,0.0,0
8,675,385,650,329,-25,-56,61.327,0.0,0
9,650,329,647,318,-3,-11,11.402,0.0,0
10,647,318,643,309,-4,-9,9.849,0.0,0
11,643,309,641,301,-2,-8,8.246,0.0,0
12,641,301,640,295,-1,-6,6.083,0.0,0
13,640,295,639,289,-1,-6,6.083,0.0,0
14,639,289,639,287,0,-2,2.0,0.0,0
15,639,287,644,287,5,0,5.0,0.0,0
16,644,287,658,289,14,2,14.142,0.0,0
17,658,289,680,296,22,7,23.087,0.0,0
18,680,296,706,306,26,10,27.857,0.0,0
19,706,306,733,317,27,11,29.155,0.0,0
20,733,317,756,327,23,10,25.08,0.0,0
21,756,327,770,331,14,4,14.56,0.0,0
22,770,331,778,333,8,2,8.246,0.0,0
23,778,333,782,335,4,2,4.472,0.0,0
24,782,335,786,338,4,3,5.0,0.0,0
25,786,338,789,340,3,2,3.606,0.0,0
26,789,340,790,340,1,0,1.0,0.0,0
27,790,340,791,341,1,1,1.414,0.0,0
28,791,341,791,342,0,1,1.0,0.0,0
29,791,342,793,346,2,4,4.472,0.0,0
30,793,346,793,350,0,4,4.0,0.0,0
31,793,350,794,356,1,6,6.083,0.0,0
32,794,356,794,360,0,4,4.0,0.0,0
33,794,360,794,361,0,1,1.0,0.0,0
34,794,361,794,362,0,1,1.0,0.0,0
35,794,362,795,362,1,0,1.0,0.0,0
36,795,362,795,362,0,0,0.0,0.0,0
37,795,362,795,362,0,0,0.0,0.0,0
38,795,362,795,362,0,0,0.0,0.0,0
39,795,362,795,364,0,2,2.0,0.0,0
40,795,364,794,366,-1,2,2.236,0.0,0
41,794,366,786,380,-8,14,16.125,0.0,0
42,786,380,783,385,-3,5,5.831,0.001,5842.519
43,783,385,783,387,0,2,2.0,0.0,0
44,783,387,783,388,0,1,1.0,0.0,0
45,783,388,783,389,0,1,1.0,0.0,0
46,783,389,782,391,-1,2,2.236,0.0,0
47,782,391,779,395,-3,4,5.0,0.0,0
48,779,395,778,397,-1,2,2.236,0.0,0
49,778,397,776,403,-2,6,6.325,0.0,0
50,776,403,773,406,-3,3,4.243,0.0,0
51,773,406,773,408,0,2,2.0,0.0,0
52,773,408,772,411,-1,3,3.162,0.0,0
53,772,411,770,414,-2,3,3.606,0.0,0
54,770,414,769,417,-1,3,3.162,0.0,0
55,769,417,769,418,0,1,1.0,0.0,0
56,769,418,769,419,0,1,1.0,0.0,0
57,769,419,769,425,0,6,6.0,0.0,0
58,769,425,769,432,0,7,7.0,0.0,0
59,769,432,769,437,0,5,5.0,0.0,0
60,769,437,769,443,0,6,6.0,0.0,0
61,769,443,770,452,1,9,9.055,0.0,0
62,770,452,770,453,0,1,1.0,0.0,0
63,770,453,770,454,0,1,1.0,0.0,0
64,770,454,770,455,0,1,1.0,0.0,0
65,770,455,770,457,0,2,2.0,0.0,0
66,770,457,770,458,0,1,1.0,0.0,0
67,770,458,770,460,0,2,2.0,0.0,0
68,770,460,770,463,0,3,3.0,0.0,0
69,770,463,770,464,0,1,1.0,0.0,0
70,770,464,770,466,0,2,2.0,0.0,0
71,770,466,770,468,0,2,2.0,0.0,0
72,770,468,770,470,0,2,2.0,0.0,0
73,770,470,770,476,0,6,6.0,0.0,0
1,891,760,868,716,-23,-44,49.649,0.0,0
2,868,716,831,654,-37,-62,72.201,0.0,0
3,831,654,773,556,-58,-98,113.877,0.0,0
4,773,556,741,502,-32,-54,62.769,0.0,0
5,741,502,712,455,-29,-47,55.227,0.0,0
6,712,455,690,412,-22,-43,48.301,0.0,0
7,690,412,675,385,-15,-27,30.887,0.0,0
8,675,385,650,329,-25,-56,61.327,0.0,0
9,650,329,647,318,-3,-11,11.402,0.0,0
10,647,318,643,309,-4,-9,9.849,0.0,0
11,643,309,641,301,-2,-8,8.246,0.0,0
12,641,301,640,295,-1,-6,6.083,0.0,0
13,640,295,639,289,-1,-6,6.083,0.0,0
14,639,289,639,287,0,-2,2.0,0.0,0
15,639,287,644,287,5,0,5.0,0.0,0
16,644,287,658,289,14,2,14.142,0.0,0
17,658,289,680,296,22,7,23.087,0.0,0
18,680,296,706,306,26,10,27.857,0.0,0
19,706,306,733,317,27,11,29.155,0.0,0
20,733,317,756,327,23,10,25.08,0.0,0
21,756,327,770,331,14,4,14.56,0.0,0
22,770,331,778,333,8,2,8.246,0.0,0
23,778,333,782,335,4,2,4.472,0.0,0
24,782,335,786,338,4,3,5.0,0.0,0
25,786,338,789,340,3,2,3.606,0.0,0
26,789,340,790,340,1,0,1.0,0.0,0
27,790,340,791,341,1,1,1.414,0.0,0
28,791,341,791,342,0,1,1.0,0.0,0
29,791,342,793,346,2,4,4.472,0.0,0
30,793,346,793,350,0,4,4.0,0.0,0
31,793,350,794,356,1,6,6.083,0.0,0
32,794,356,794,360,0,4,4.0,0.0,0
33,794,360,794,361,0,1,1.0,0.0,0
34,794,361,794,362,0,1,1.0,0.0,0
35,794,362,795,362,1,0,1.0,0.0,0
36,795,362,795,362,0,0,0.0,0.0,0
37,795,362,795,362,0,0,0.0,0.0,0
38,795,362,795,362,0,0,0.0,0.0,0
39,795,362,795,364,0,2,2.0,0.0,0
40,795,364,794,366,-1,2,2.236,0.0,0
41,794,366,786,380,-8,14,16.125,0.0,0
42,786,380,783,385,-3,5,5.831,0.0,0
43,783,385,783,387,0,2,2.0,0.0,0
44,783,387,783,388,0,1,1.0,0.0,0
45,783,388,783,389,0,1,1.0,0.0,0
46,783,389,782,391,-1,2,2.236,0.0,0
47,782,391,779,395,-3,4,5.0,0.0,0
48,779,395,778,397,-1,2,2.236,0.0,0
49,778,397,776,403,-2,6,6.325,0.0,0
50,776,403,773,406,-3,3,4.243,0.0,0
51,773,406,773,408,0,2,2.0,0.0,0
52,773,408,772,411,-1,3,3.162,0.0,0
53,772,411,770,414,-2,3,3.606,0.0,0
54,770,414,769,417,-1,3,3.162,0.0,0
55,769,417,769,418,0,1,1.0,0.0,0
56,769,418,769,419,0,1,1.0,0.0,0
57,769,419,769,425,0,6,6.0,0.0,0
58,769,425,769,432,0,7,7.0,0.0,0
59,769,432,769,437,0,5,5.0,0.0,0
60,769,437,769,443,0,6,6.0,0.0,0
61,769,443,770,452,1,9,9.055,0.0,0
62,770,452,770,453,0,1,1.0,0.0,0
63,770,453,770,454,0,1,1.0,0.0,0
64,770,454,770,455,0,1,1.0,0.0,0
65,770,455,770,457,0,2,2.0,0.0,0
66,770,457,770,458,0,1,1.0,0.0,0
67,770,458,770,460,0,2,2.0,0.0,0
68,770,460,770,463,0,3,3.0,0.0,0
69,770,463,770,464,0,1,1.0,0.0,0
70,770,464,770,466,0,2,2.0,0.0,0
71,770,466,770,468,0,2,2.0,0.0,0
72,770,468,770,470,0,2,2.0,0.0,0
73,770,470,770,476,0,6,6.0,0.0,0
74,770,476,771,477,1,1,1.414,0.0,0
75,771,477,773,479,2,2,2.828,0.0,0
76,773,479,774,482,1,3,3.162,0.0,0
77,774,482,779,490,5,8,9.434,0.0,0
78,779,490,785,499,6,9,10.817,0.0,0
79,785,499,791,505,6,6,8.485,0.0,0
80,791,505,801,510,10,5,11.18,0.0,0
81,801,510,808,510,7,0,7.0,0.0,0
82,808,510,811,510,3,0,3.0,0.0,0
83,811,510,813,510,2,0,2.0,0.0,0
84,813,510,814,510,1,0,1.0,0.0,0
85,814,510,816,510,2,0,2.0,0.0,0
86,816,510,816,511,0,1,1.0,0.0,0
87,816,511,817,511,1,0,1.0,0.0,0
88,817,511,818,513,1,2,2.236,0.0,0
89,818,513,824,520,6,7,9.22,0.0,0
90,824,520,834,531,10,11,14.866,0.0,0
91,834,531,846,542,12,11,16.279,0.0,0
92,846,542,864,556,18,14,22.804,0.0,0
93,864,556,886,574,22,18,28.425,0.0,0
94,886,574,911,593,25,19,31.401,0.0,0
95,911,593,940,610,29,17,33.615,0.0,0
96,940,610,963,620,23,10,25.08,0.0,0
97,963,620,978,623,15,3,15.297,0.0,0
98,978,623,983,624,5,1,5.099,0.001,5073.983
99,983,624,985,624,2,0,2.0,0.0,0
100,985,624,986,626,1,2,2.236,0.0,0
101,986,626,986,627,0,1,1.0,0.0,0
102,986,627,986,628,0,1,1.0,0.0,0
103,986,628,986,629,0,1,1.0,0.0,0
104,986,629,988,633,2,4,4.472,0.0,0
105,988,633,992,642,4,9,9.849,0.0,0
106,992,642,997,654,5,12,13.0,0.0,0
107,997,654,1002,666,5,12,13.0,0.0,0
108,1002,666,1012,685,10,19,21.471,0.0,0
109,1012,685,1018,696,6,11,12.53,0.0,0
110,1018,696,1025,705,7,9,11.402,0.0,0
111,1025,705,1028,713,3,8,8.544,0.0,0
112,1028,713,1030,717,2,4,4.472,0.0,0
113,1030,717,1033,724,3,7,7.616,0.0,0
114,1033,724,1034,729,1,5,5.099,0.0,0
115,1034,729,1037,735,3,6,6.708,0.0,0
116,1037,735,1039,741,2,6,6.325,0.0,0
117,1039,741,1042,747,3,6,6.708,0.0,0
118,1042,747,1043,751,1,4,4.123,0.0,0
119,1043,751,1045,754,2,3,3.606,0.0,0
120,1045,754,1047,757,2,3,3.606,0.0,0
121,1047,757,1048,760,1,3,3.162,0.0,0
122,1048,760,1049,760,1,0,1.0,0.0,0
123,1049,760,1050,761,1,1,1.414,0.0,0
124,1050,761,1050,762,0,1,1.0,0.0,0
125,1050,762,1052,764,2,2,2.828,0.0,0
126,1052,764,1056,768,4,4,5.657,0.0,0
127,1056,768,1061,772,5,4,6.403,0.0,0
128,1061,772,1066,774,5,2,5.385,0.0,0
129,1066,774,1071,778,5,4,6.403,0.0,0
130,1071,778,1075,783,4,5,6.403,0.0,0
131,1075,783,1078,783,3,0,3.0,0.0,0
132,1078,783,913,780,-165,-3,165.027,0.0,0
133,913,780,913,773,0,-7,7.0,0.0,0
134,913,773,910,756,-3,-17,17.263,0.0,0
135,910,756,906,737,-4,-19,19.416,0.0,0
136,906,737,903,720,-3,-17,17.263,0.0,0
137,903,720,898,697,-5,-23,23.537,0.0,0
138,898,697,893,678,-5,-19,19.647,0.0,0
139,893,678,889,656,-4,-22,22.361,0.0,0
140,889,656,883,630,-6,-26,26.683,0.0,0
141,883,630,882,612,-1,-18,18.028,0.0,0
142,882,612,882,603,0,-9,9.0,0.0,0
143,882,603,882,596,0,-7,7.0,0.0,0
144,882,596,882,588,0,-8,8.0,0.0,0
145,882,588,885,571,3,-17,17.263,0.0,0
146,885,571,890,546,5,-25,25.495,0.0,0
147,890,546,898,524,8,-22,23.409,0.0,0
148,898,524,905,500,7,-24,25.0,0.0,0
149,905,500,907,492,2,-8,8.246,0.0,0
150,907,492,908,487,1,-5,5.099,0.0,0
151,908,487,910,485,2,-2,2.828,0.0,0
152,910,485,910,484,0,-1,1.0,0.0,0
153,910,484,909,484,-1,0,1.0,0.0,0
154,909,484,908,483,-1,-1,1.414,0.0,0
155,908,483,904,477,-4,-6,7.211,0.0,0
156,904,477,899,473,-5,-4,6.403,0.0,0
157,899,473,898,469,-1,-4,4.123,0.0,0
158,898,469,897,468,-1,-1,1.414,0.0,0
159,897,468,896,468,-1,0,1.0,0.0,0
160,896,468,894,468,-2,0,2.0,0.0,0
161,894,468,892,468,-2,0,2.0,0.0,0
162,892,468,890,468,-2,0,2.0,0.0,0
163,890,468,886,469,-4,1,4.123,0.0,0
164,886,469,883,469,-3,0,3.0,0.0,0
165,883,469,881,470,-2,1,2.236,0.0,0
166,881,470,880,470,-1,0,1.0,0.0,0
1,122,16,155,42,33,26,42.012,0.0,0
2,155,42,530,306,375,264,458.608,0.0,0
3,530,306,565,321,35,15,38.079,0.0,0
4,565,321,597,336,32,15,35.341,0.0,0
5,597,336,623,348,26,12,28.636,0.0,0
6,623,348,665,364,42,16,44.944,0.0,0
7,665,364,690,376,25,12,27.731,0.0,0
8,690,376,712,386,22,10,24.166,0.0,0
9,712,386,726,389,14,3,14.318,0.0,0
10,726,389,732,391,6,2,6.325,0.0,0
11,732,391,734,391,2,0,2.0,0.0,0
12,734,391,736,391,2,0,2.0,0.0,0
13,736,391,737,388,1,-3,3.162,0.0,0
14,737,388,741,384,4,-4,5.657,0.0,0
15,741,384,744,384,3,0,3.0,0.0,0
16,744,384,746,384,2,0,2.0,0.0,0
17,746,384,749,384,3,0,3.0,0.0,0
18,749,384,750,384,1,0,1.0,0.0,0
19,750,384,752,382,2,-2,2.828,0.0,0
20,752,382,754,381,2,-1,2.236,0.0,0
21,754,381,754,378,0,-3,3.0,0.0,0
22,754,378,758,374,4,-4,5.657,0.0,0
23,758,374,759,372,1,-2,2.236,0.0,0
24,759,372,759,372,0,0,0.0,0.0,0
25,759,372,760,371,1,-1,1.414,0.0,0
26,760,371,760,371,0,0,0.0,0.0,0
27,760,371,760,371,0,0,0.0,0.0,0
28,760,371,761,371,1,0,1.0,0.0,0
29,761,371,762,374,1,3,3.162,0.0,0
30,762,374,762,380,0,6,6.0,0.0,0
31,762,380,762,386,0,6,6.0,0.0,0
32,762,386,762,392,0,6,6.0,0.0,0
33,762,392,762,400,0,8,8.0,0.0,0
34,762,400,762,407,0,7,7.0,0.0,0
35,762,407,762,410,0,3,3.0,0.0,0
36,762,410,762,411,0,1,1.0,0.0,0
37,762,411,763,412,1,1,1.414,0.0,0
38,763,412,764,412,1,0,1.0,0.0,0
39,764,412,765,413,1,1,1.414,0.0,0
40,765,413,765,414,0,1,1.0,0.0,0
41,765,414,765,415,0,1,1.0,0.0,0
42,765,415,767,415,2,0,2.0,0.0,0
43,767,415,768,415,1,0,1.0,0.0,0
44,768,415,769,415,1,0,1.0,0.0,0
45,769,415,769,418,0,3,3.0,0.0,0
46,769,418,769,421,0,3,3.0,0.0,0
47,769,421,769,425,0,4,4.0,0.0,0
48,769,425,769,434,0,9,9.0,0.0,0
49,769,434,769,439,0,5,5.0,0.0,0
50,769,439,770,448,1,9,9.055,0.0,0
51,770,448,771,457,1,9,9.055,0.0,0
52,771,457,773,462,2,5,5.385,0.0,0
53,773,462,774,464,1,2,2.236,0.0,0
54,774,464,775,466,1,2,2.236,0.0,0
1,263,67,555,235,292,168,336.88,0.0,0
2,555,235,575,246,20,11,22.825,0.0,0
3,575,246,593,256,18,10,20.591,0.0,0
4,593,256,625,273,32,17,36.235,0.0,0
5,625,273,647,287,22,14,26.077,0.0,0
6,647,287,658,297,11,10,14.866,0.0,0
7,658,297,666,302,8,5,9.434,0.0,0
8,666,302,671,306,5,4,6.403,0.0,0
9,671,306,674,308,3,2,3.606,0.0,0
10,674,308,677,309,3,1,3.162,0.0,0
11,677,309,679,310,2,1,2.236,0.0,0
12,679,310,679,311,0,1,1.0,0.0,0
13,679,311,682,312,3,1,3.162,0.0,0
14,682,312,685,316,3,4,5.0,0.0,0
15,685,316,691,320,6,4,7.211,0.0,0
16,691,320,698,323,7,3,7.616,0.0,0
17,698,323,702,325,4,2,4.472,0.0,0
18,702,325,707,328,5,3,5.831,0.0,0
19,707,328,714,330,7,2,7.28,0.0,0
20,714,330,719,334,5,4,6.403,0.0,0
21,719,334,726,339,7,5,8.602,0.0,0
22,726,339,728,340,2,1,2.236,0.0,0
23,728,340,729,340,1,0,1.0,0.0,0
24,729,340,731,340,2,0,2.0,0.0,0
25,731,340,733,341,2,1,2.236,0.0,0
26,733,341,737,343,4,2,4.472,0.0,0
27,737,343,738,346,1,3,3.162,0.0,0
28,738,346,740,347,2,1,2.236,0.0,0
29,740,347,741,348,1,1,1.414,0.0,0
30,741,348,742,348,1,0,1.0,0.0,0
31,742,348,743,349,1,1,1.414,0.0,0
32,743,349,743,350,0,1,1.0,0.0,0
33,743,350,744,353,1,3,3.162,0.0,0
34,744,353,745,354,1,1,1.414,0.0,0
35,745,354,745,356,0,2,2.0,0.0,0
36,745,356,745,356,0,0,0.0,0.0,0
37,745,356,745,356,0,0,0.0,0.0,0
38,745,356,742,356,-3,0,3.0,0.0,0
39,742,356,737,355,-5,-1,5.099,0.0,0
40,737,355,730,352,-7,-3,7.616,0.0,0
41,730,352,729,351,-1,-1,1.414,0.0,0
42,729,351,728,351,-1,0,1.0,0.0,0
43,728,351,727,349,-1,-2,2.236,0.0,0
44,727,349,727,347,0,-2,2.0,0.0,0
45,727,347,726,344,-1,-3,3.162,0.0,0
46,726,344,726,342,0,-2,2.0,0.0,0
47,726,342,728,341,2,-1,2.236,0.0,0
48,728,341,733,340,5,-1,5.099,0.0,0
49,733,340,739,343,6,3,6.708,0.0,0
50,739,343,742,344,3,1,3.162,0.0,0
51,742,344,742,346,0,2,2.0,0.0,0
52,742,346,744,348,2,2,2.828,0.0,0
53,744,348,746,351,2,3,3.606,0.0,0
54,746,351,748,356,2,5,5.385,0.0,0
55,748,356,751,359,3,3,4.243,0.0,0
56,751,359,753,364,2,5,5.385,0.0,0
57,753,364,757,372,4,8,8.944,0.0,0
58,757,372,766,387,9,15,17.493,0.0,0
59,766,387,773,404,7,17,18.385,0.0,0
60,773,404,780,424,7,20,21.19,0.0,0
61,780,424,783,431,3,7,7.616,0.0,0
62,783,431,785,435,2,4,4.472,0.0,0
63,785,435,785,436,0,1,1.0,0.0,0
64,785,436,784,436,-1,0,1.0,0.0,0
65,784,436,784,439,0,3,3.0,0.0,0
66,784,439,784,441,0,2,2.0,0.0,0
67,784,441,784,443,0,2,2.0,0.0,0
68,784,443,784,444,0,1,1.0,0.0,0
69,784,444,782,446,-2,2,2.828,0.0,0
70,782,446,781,449,-1,3,3.162,0.0,0
71,781,449,781,451,0,2,2.0,0.0,0
72,781,451,781,452,0,1,1.0,0.0,0
73,781,452,781,454,0,2,2.0,0.0,0
74,781,454,779,460,-2,6,6.325,0.0,0
75,779,460,779,461,0,1,1.0,0.0,0
76,779,461,779,462,0,1,1.0,0.0,0
1,127,0,189,38,62,38,72.719,0.0,0
2,189,38,223,60,34,22,40.497,0.0,0
3,223,60,364,141,141,81,162.61,0.0,0
4,364,141,417,168,53,27,59.481,0.0,0
5,417,168,466,193,49,25,55.009,0.0,0
6,466,193,504,216,38,23,44.418,0.0,0
7,504,216,526,231,22,15,26.627,0.0,0
8,526,231,542,240,16,9,18.358,0.0,0
9,542,240,555,249,13,9,15.811,0.0,0
10,555,249,570,259,15,10,18.028,0.0,0
11,570,259,583,269,13,10,16.401,0.0,0
12,583,269,593,275,10,6,11.662,0.0,0
13,593,275,602,280,9,5,10.296,0.0,0
14,602,280,616,288,14,8,16.125,0.0,0
15,616,288,629,296,13,8,15.264,0.0,0
16,629,296,647,307,18,11,21.095,0.0,0
17,647,307,666,315,19,8,20.616,0.0,0
18,666,315,675,318,9,3,9.487,0.0,0
19,675,318,677,318,2,0,2.0,0.0,0
20,677,318,679,318,2,0,2.0,0.0,0
21,679,318,681,319,2,1,2.236,0.0,0
22,681,319,682,320,1,1,1.414,0.0,0
23,682,320,682,322,0,2,2.0,0.0,0
24,682,322,688,324,6,2,6.325,0.0,0
25,688,324,696,329,8,5,9.434,0.0,0
26,696,329,703,334,7,5,8.602,0.0,0
27,703,334,712,341,9,7,11.402,0.0,0
28,712,341,719,347,7,6,9.22,0.0,0
29,719,347,724,348,5,1,5.099,0.0,0
30,724,348,725,349,1,1,1.414,0.0,0
31,725,349,725,350,0,1,1.0,0.0,0
32,725,350,727,350,2,0,2.0,0.0,0
33,727,350,729,351,2,1,2.236,0.0,0
34,729,351,730,353,1,2,2.236,0.0,0
35,730,353,737,357,7,4,8.062,0.0,0
36,737,357,741,359,4,2,4.472,0.0,0
37,741,359,746,361,5,2,5.385,0.0,0
38,746,361,747,362,1,1,1.414,0.001,1409.946
39,747,362,750,363,3,1,3.162,0.0,0
40,750,363,751,364,1,1,1.414,0.0,0
41,751,364,752,364,1,0,1.0,0.0,0
42,752,364,752,364,0,0,0.0,0.0,0
43,752,364,752,364,0,0,0.0,0.0,0
44,752,364,752,364,0,0,0.0,0.0,0
45,752,364,754,366,2,2,2.828,0.0,0
46,754,366,758,371,4,5,6.403,0.0,0
47,758,371,764,379,6,8,10.0,0.0,0
48,764,379,774,388,10,9,13.454,0.0,0
49,774,388,780,395,6,7,9.22,0.0,0
50,780,395,782,400,2,5,5.385,0.0,0
51,782,400,784,404,2,4,4.472,0.0,0
52,784,404,784,408,0,4,4.0,0.0,0
53,784,408,784,410,0,2,2.0,0.0,0
54,784,410,784,411,0,1,1.0,0.0,0
55,784,411,784,413,0,2,2.0,0.0,0
56,784,413,784,414,0,1,1.0,0.0,0
57,784,414,784,415,0,1,1.0,0.0,0
58,784,415,785,418,1,3,3.162,0.0,0
59,785,418,786,419,1,1,1.414,0.0,0
60,786,419,786,418,0,-1,1.0,0.0,0
61,786,418,785,417,-1,-1,1.414,0.0,0
62,785,417,785,416,0,-1,1.0,0.0,0
63,785,416,784,412,-1,-4,4.123,0.0,0
64,784,412,783,413,-1,1,1.414,0.0,0
65,783,413,783,414,0,1,1.0,0.0,0
66,783,414,783,418,0,4,4.0,0.0,0
67,783,418,783,419,0,1,1.0,0.0,0
68,783,419,783,420,0,1,1.0,0.0,0
69,783,420,783,422,0,2,2.0,0.0,0
70,783,422,783,426,0,4,4.0,0.0,0
71,783,426,785,431,2,5,5.385,0.0,0
72,785,431,786,436,1,5,5.099,0.0,0
73,786,436,787,443,1,7,7.071,0.0,0
74,787,443,787,450,0,7,7.0,0.0,0
75,787,450,788,452,1,2,2.236,0.0,0
76,788,452,788,454,0,2,2.0,0.0,0
77,788,454,788,459,0,5,5.0,0.0,0
78,788,459,788,461,0,2,2.0,0.0,0
79,788,461,788,462,0,1,1.0,0.0,0
80,788,462,788,463,0,1,1.0,0.0,0
81,788,463,788,465,0,2,2.0,0.0,0
82,788,465,788,467,0,2,2.0,0.0,0
1,920,783,917,780,-3,-3,4.243,0.0,0
2,917,780,890,733,-27,-47,54.203,0.0,0
3,890,733,886,724,-4,-9,9.849,0.0,0
4,886,724,874,699,-12,-25,27.731,0.0,0
5,874,699,858,670,-16,-29,33.121,0.0,0
6,858,670,836,632,-22,-38,43.909,0.0,0
7,836,632,813,594,-23,-38,44.418,0.0,0
8,813,594,786,554,-27,-40,48.26,0.0,0
9,786,554,778,538,-8,-16,17.889,0.0,0
10,778,538,773,527,-5,-11,12.083,0.0,0
11,773,527,770,515,-3,-12,12.369,0.0,0
12,770,515,762,496,-8,-19,20.616,0.0,0
13,762,496,753,474,-9,-22,23.77,0.0,0
14,753,474,745,454,-8,-20,21.541,0.0,0
15,745,454,738,441,-7,-13,14.765,0.0,0
16,738,441,735,436,-3,-5,5.831,0.0,0
17,735,436,735,436,0,0,0.0,0.0,0
18,735,436,735,435,0,-1,1.0,0.0,0
19,735,435,734,432,-1,-3,3.162,0.0,0
20,734,432,730,424,-4,-8,8.944,0.0,0
21,730,424,729,415,-1,-9,9.055,0.0,0
22,729,415,729,410,0,-5,5.0,0.0,0
23,729,410,729,404,0,-6,6.0,0.0,0
24,729,404,730,399,1,-5,5.099,0.0,0
25,730,399,734,394,4,-5,6.403,0.0,0
26,734,394,737,389,3,-5,5.831,0.0,0
27,737,389,740,385,3,-4,5.0,0.0,0
28,740,385,742,383,2,-2,2.828,0.0,0
29,742,383,743,382,1,-1,1.414,0.0,0
30,743,382,745,380,2,-2,2.828,0.0,0
31,745,380,746,379,1,-1,1.414,0.0,0
32,746,379,746,378,0,-1,1.0,0.0,0
33,746,378,747,376,1,-2,2.236,0.0,0
34,747,376,747,376,0,0,0.0,0.0,0
35,747,376,747,376,0,0,0.0,0.0,0
36,747,376,749,376,2,0,2.0,0.0,0
37,749,376,752,378,3,2,3.606,0.0,0
38,752,378,757,386,5,8,9.434,0.0,0
39,757,386,764,399,7,13,14.765,0.0,0
40,764,399,769,411,5,12,13.0,0.0,0
41,769,411,771,419,2,8,8.246,0.0,0
42,771,419,772,425,1,6,6.083,0.0,0
43,772,425,772,426,0,1,1.0,0.0,0
44,772,426,773,428,1,2,2.236,0.0,0
45,773,428,774,428,1,0,1.0,0.0,0
46,774,428,775,430,1,2,2.236,0.0,0
47,775,430,776,431,1,1,1.414,0.0,0
48,776,431,776,435,0,4,4.0,0.0,0
49,776,435,776,437,0,2,2.0,0.0,0
50,776,437,778,443,2,6,6.325,0.0,0
51,778,443,780,451,2,8,8.246,0.0,0
52,780,451,782,453,2,2,2.828,0.0,0
53,782,453,782,455,0,2,2.0,0.0,0
54,782,455,783,455,1,0,1.0,0.0,0
55,783,455,785,458,2,3,3.606,0.0,0
56,785,458,786,460,1,2,2.236,0.0,0
57,786,460,786,460,0,0,0.0,0.0,0
58,786,460,786,461,0,1,1.0,0.0,0
59,786,461,786,463,0,2,2.0,0.0,0
60,786,463,788,468,2,5,5.385,0.0,0
61,788,468,790,474,2,6,6.325,0.0,0
1,920,783,917,780,-3,-3,4.243,0.0,0
2,917,780,890,733,-27,-47,54.203,0.0,0
3,890,733,886,724,-4,-9,9.849,0.0,0
4,886,724,874,699,-12,-25,27.731,0.0,0
5,874,699,858,670,-16,-29,33.121,0.0,0
6,858,670,836,632,-22,-38,43.909,0.0,0
7,836,632,813,594,-23,-38,44.418,0.0,0
8,813,594,786,554,-27,-40,48.26,0.0,0
9,786,554,778,538,-8,-16,17.889,0.0,0
10,778,538,773,527,-5,-11,12.083,0.0,0
11,773,527,770,515,-3,-12,12.369,0.0,0
12,770,515,762,496,-8,-19,20.616,0.0,0
13,762,496,753,474,-9,-22,23.77,0.0,0
14,753,474,745,454,-8,-20,21.541,0.0,0
15,745,454,738,441,-7,-13,14.765,0.0,0
16,738,441,735,436,-3,-5,5.831,0.0,0
17,735,436,735,436,0,0,0.0,0.0,0
18,735,436,735,435,0,-1,1.0,0.0,0
19,735,435,734,432,-1,-3,3.162,0.0,0
20,734,432,730,424,-4,-8,8.944,0.0,0
21,730,424,729,415,-1,-9,9.055,0.0,0
22,729,415,729,410,0,-5,5.0,0.0,0
23,729,410,729,404,0,-6,6.0,0.0,0
24,729,404,730,399,1,-5,5.099,0.0,0
25,730,399,734,394,4,-5,6.403,0.0,0
26,734,394,737,389,3,-5,5.831,0.0,0
27,737,389,740,385,3,-4,5.0,0.0,0
28,740,385,742,383,2,-2,2.828,0.0,0
29,742,383,743,382,1,-1,1.414,0.0,0
30,743,382,745,380,2,-2,2.828,0.0,0
31,745,380,746,379,1,-1,1.414,0.0,0
32,746,379,746,378,0,-1,1.0,0.0,0
33,746,378,747,376,1,-2,2.236,0.0,0
34,747,376,747,376,0,0,0.0,0.0,0
35,747,376,747,376,0,0,0.0,0.0,0
36,747,376,749,376,2,0,2.0,0.0,0
37,749,376,752,378,3,2,3.606,0.0,0
38,752,378,757,386,5,8,9.434,0.0,0
39,757,386,764,399,7,13,14.765,0.0,0
40,764,399,769,411,5,12,13.0,0.0,0
41,769,411,771,419,2,8,8.246,0.0,0
42,771,419,772,425,1,6,6.083,0.0,0
43,772,425,772,426,0,1,1.0,0.0,0
44,772,426,773,428,1,2,2.236,0.0,0
45,773,428,774,428,1,0,1.0,0.0,0
46,774,428,775,430,1,2,2.236,0.0,0
47,775,430,776,431,1,1,1.414,0.0,0
48,776,431,776,435,0,4,4.0,0.0,0
49,776,435,776,437,0,2,2.0,0.0,0
50,776,437,778,443,2,6,6.325,0.0,0
51,778,443,780,451,2,8,8.246,0.0,0
52,780,451,782,453,2,2,2.828,0.0,0
53,782,453,782,455,0,2,2.0,0.0,0
54,782,455,783,455,1,0,1.0,0.0,0
55,783,455,785,458,2,3,3.606,0.0,0
56,785,458,786,460,1,2,2.236,0.0,0
57,786,460,786,460,0,0,0.0,0.0,0
58,786,460,786,461,0,1,1.0,0.0,0
59,786,461,786,463,0,2,2.0,0.0,0
60,786,463,788,468,2,5,5.385,0.0,0
61,788,468,790,474,2,6,6.325,0.0,0
62,790,474,791,474,1,0,1.0,0.0,0
63,791,474,792,474,1,0,1.0,0.0,0
64,792,474,792,475,0,1,1.0,0.0,0
65,792,475,794,478,2,3,3.606,0.0,0
66,794,478,798,484,4,6,7.211,0.0,0
67,798,484,807,499,9,15,17.493,0.0,0
68,807,499,823,519,16,20,25.612,0.0,0
69,823,519,842,547,19,28,33.838,0.0,0
70,842,547,871,580,29,33,43.932,0.0,0
71,871,580,897,607,26,27,37.483,0.0,0
72,897,607,918,628,21,21,29.698,0.0,0
73,918,628,945,660,27,32,41.869,0.0,0
74,945,660,956,674,11,14,17.804,0.0,0
75,956,674,964,686,8,12,14.422,0.0,0
76,964,686,970,695,6,9,10.817,0.0,0
77,970,695,975,701,5,6,7.81,0.0,0
78,975,701,980,709,5,8,9.434,0.0,0
79,980,709,987,718,7,9,11.402,0.0,0
80,987,718,994,726,7,8,10.63,0.0,0
81,994,726,998,733,4,7,8.062,0.0,0
82,998,733,1001,740,3,7,7.616,0.0,0
83,1001,740,1003,747,2,7,7.28,0.0,0
84,1003,747,1008,752,5,5,7.071,0.001,7105.464
85,1008,752,1011,756,3,4,5.0,0.0,0
86,1011,756,1016,764,5,8,9.434,0.0,0
87,1016,764,1018,766,2,2,2.828,0.0,0
88,1018,766,1018,768,0,2,2.0,0.0,0
89,1018,768,1018,771,0,3,3.0,0.0,0
90,1018,771,1018,772,0,1,1.0,0.0,0
91,1018,772,1018,774,0,2,2.0,0.0,0
92,1018,774,1018,775,0,1,1.0,0.0,0
93,1018,775,1019,777,1,2,2.236,0.0,0
94,1019,777,1020,779,1,2,2.236,0.0,0
95,1020,779,1022,780,2,1,2.236,0.0,0
96,1022,780,1023,780,1,0,1.0,0.0,0
97,1023,780,1024,781,1,1,1.414,0.0,0
98,1024,781,1026,783,2,2,2.828,0.0,0
99,1026,783,1030,783,4,0,4.0,0.0,0
100,1030,783,1031,783,1,0,1.0,0.0,0
101,1031,783,1033,783,2,0,2.0,0.0,0
102,1033,783,888,783,-145,0,145.0,0.0,0
103,888,783,877,769,-11,-14,17.804,0.0,0
104,877,769,861,749,-16,-20,25.612,0.0,0
105,861,749,842,726,-19,-23,29.833,0.0,0
106,842,726,811,697,-31,-29,42.45,0.0,0
107,811,697,764,656,-47,-41,62.37,0.0,0
108,764,656,705,608,-59,-48,76.059,0.0,0
109,705,608,637,555,-68,-53,86.215,0.0,0
110,637,555,574,500,-63,-55,83.63,0.0,0
111,574,500,507,436,-67,-64,92.655,0.0,0
112,507,436,436,378,-71,-58,91.679,0.0,0
113,436,378,369,328,-67,-50,83.6,0.0,0
114,369,328,308,284,-61,-44,75.213,0.0,0
115,308,284,257,251,-51,-33,60.745,0.0,0
116,257,251,207,220,-50,-31,58.83,0.0,0
117,207,220,195,209,-12,-11,16.279,0.0,0
118,195,209,191,204,-4,-5,6.403,0.0,0
119,191,204,190,204,-1,0,1.0,0.0,0
120,190,204,190,203,0,-1,1.0,0.0,0
121,190,203,193,203,3,0,3.0,0.0,0
122,193,203,199,203,6,0,6.0,0.0,0
123,199,203,213,204,14,1,14.036,0.0,0
124,213,204,262,215,49,11,50.22,0.0,0
125,262,215,345,248,83,33,89.32,0.0,0
126,345,248,448,300,103,52,115.382,0.0,0
127,448,300,556,354,108,54,120.748,0.0,0
128,556,354,703,445,147,91,172.887,0.0,0
129,703,445,796,510,93,65,113.464,0.0,0
130,796,510,884,575,88,65,109.403,0.0,0
131,884,575,950,628,66,53,84.646,0.0,0
132,950,628,980,653,30,25,39.051,0.0,0
133,980,653,993,667,13,14,19.105,0.0,0
134,993,667,997,673,4,6,7.211,0.0,0
135,997,673,999,680,2,7,7.28,0.0,0
136,999,680,999,686,0,6,6.0,0.0,0
137,999,686,999,694,0,8,8.0,0.0,0
138,999,694,999,699,0,5,5.0,0.0,0
139,999,699,999,704,0,5,5.0,0.0,0
140,999,704,999,709,0,5,5.0,0.0,0
141,999,709,1001,715,2,6,6.325,0.0,0
142,1001,715,1004,721,3,6,6.708,0.0,0
143,1004,721,1010,729,6,8,10.0,0.0,0
144,1010,729,1013,733,3,4,5.0,0.0,0
145,1013,733,1015,739,2,6,6.325,0.0,0
146,1015,739,1016,741,1,2,2.236,0.0,0
147,1016,741,1017,745,1,4,4.123,0.0,0
148,1017,745,1018,750,1,5,5.099,0.0,0
149,1018,750,1020,757,2,7,7.28,0.0,0
150,1020,757,1023,764,3,7,7.616,0.0,0
151,1023,764,1026,768,3,4,5.0,0.0,0
152,1026,768,1030,773,4,5,6.403,0.0,0
153,1030,773,1034,777,4,4,5.657,0.0,0
154,1034,777,1040,780,6,3,6.708,0.0,0
155,1040,780,1042,783,2,3,3.606,0.0,0
156,1042,783,1045,783,3,0,3.0,0.0,0
157,1045,783,903,783,-142,0,142.0,0.0,0
158,903,783,904,758,1,-25,25.02,0.0,0
159,904,758,903,727,-1,-31,31.016,0.0,0
160,903,727,899,700,-4,-27,27.295,0.0,0
161,899,700,889,652,-10,-48,49.031,0.0,0
162,889,652,876,596,-13,-56,57.489,0.0,0
163,876,596,865,556,-11,-40,41.485,0.0,0
164,865,556,850,516,-15,-40,42.72,0.0,0
165,850,516,833,474,-17,-42,45.31,0.0,0
166,833,474,821,448,-12,-26,28.636,0.0,0
167,821,448,812,430,-9,-18,20.125,0.0,0
168,812,430,809,425,-3,-5,5.831,0.0,0
169,809,425,808,423,-1,-2,2.236,0.0,0
170,808,423,808,422,0,-1,1.0,0.0,0
171,808,422,807,421,-1,-1,1.414,0.0,0
172,807,421,806,420,-1,-1,1.414,0.0,0
173,806,420,805,419,-1,-1,1.414,0.0,0
174,805,419,804,417,-1,-2,2.236,0.0,0
175,804,417,802,413,-2,-4,4.472,0.0,0
176,802,413,800,408,-2,-5,5.385,0.0,0
177,800,408,796,404,-4,-4,5.657,0.0,0
178,796,404,794,404,-2,0,2.0,0.0,0
179,794,404,794,404,0,0,0.0,0.0,0
180,794,404,794,405,0,1,1.0,0.0,0
181,794,405,793,409,-1,4,4.123,0.0,0
182,793,409,792,411,-1,2,2.236,0.0,0
183,792,411,790,420,-2,9,9.22,0.0,0
184,790,420,788,425,-2,5,5.385,0.0,0
185,788,425,787,433,-1,8,8.062,0.0,0
186,787,433,786,442,-1,9,9.055,0.0,0
187,786,442,786,450,0,8,8.0,0.0,0
188,786,450,786,452,0,2,2.0,0.0,0
189,786,452,786,453,0,1,1.0,0.0,0
190,786,453,786,454,0,1,1.0,0.0,0
191,786,454,786,455,0,1,1.0,0.0,0
192,786,455,786,457,0,2,2.0,0.0,0
193,786,457,786,460,0,3,3.0,0.0,0
194,786,460,786,471,0,11,11.0,0.0,0
195,786,471,786,480,0,9,9.0,0.0,0
196,786,480,787,484,1,4,4.123,0.0,0
197,787,484,787,485,0,1,1.0,0.0,0
198,787,485,788,486,1,1,1.414,0.0,0
199,788,486,788,485,0,-1,1.0,0.0,0
200,788,485,789,485,1,0,1.0,0.0,0
201,789,485,790,484,1,-1,1.414,0.0,0
202,790,484,791,483,1,-1,1.414,0.0,0
203,791,483,791,481,0,-2,2.0,0.0,0
204,791,481,792,480,1,-1,1.414,0.0,0
205,792,480,793,477,1,-3,3.162,0.001,3162.507
206,793,477,794,477,1,0,1.0,0.0,0
207,794,477,794,476,0,-1,1.0,0.0,0
1,920,783,917,780,-3,-3,4.243,0.0,0
2,917,780,890,733,-27,-47,54.203,0.0,0
3,890,733,886,724,-4,-9,9.849,0.0,0
4,886,724,874,699,-12,-25,27.731,0.0,0
5,874,699,858,670,-16,-29,33.121,0.0,0
6,858,670,836,632,-22,-38,43.909,0.0,0
7,836,632,813,594,-23,-38,44.418,0.0,0
8,813,594,786,554,-27,-40,48.26,0.0,0
9,786,554,778,538,-8,-16,17.889,0.0,0
10,778,538,773,527,-5,-11,12.083,0.0,0
11,773,527,770,515,-3,-12,12.369,0.0,0
12,770,515,762,496,-8,-19,20.616,0.0,0
13,762,496,753,474,-9,-22,23.77,0.0,0
14,753,474,745,454,-8,-20,21.541,0.0,0
15,745,454,738,441,-7,-13,14.765,0.0,0
16,738,441,735,436,-3,-5,5.831,0.0,0
17,735,436,735,436,0,0,0.0,0.0,0
18,735,436,735,435,0,-1,1.0,0.0,0
19,735,435,734,432,-1,-3,3.162,0.0,0
20,734,432,730,424,-4,-8,8.944,0.0,0
21,730,424,729,415,-1,-9,9.055,0.0,0
22,729,415,729,410,0,-5,5.0,0.001,4915.968
23,729,410,729,404,0,-6,6.0,0.0,0
24,729,404,730,399,1,-5,5.099,0.0,0
25,730,399,734,394,4,-5,6.403,0.0,0
26,734,394,737,389,3,-5,5.831,0.0,0
27,737,389,740,385,3,-4,5.0,0.0,0
28,740,385,742,383,2,-2,2.828,0.0,0
29,742,383,743,382,1,-1,1.414,0.0,0
30,743,382,745,380,2,-2,2.828,0.0,0
31,745,380,746,379,1,-1,1.414,0.0,0
32,746,379,746,378,0,-1,1.0,0.0,0
33,746,378,747,376,1,-2,2.236,0.0,0
34,747,376,747,376,0,0,0.0,0.0,0
35,747,376,747,376,0,0,0.0,0.0,0
36,747,376,749,376,2,0,2.0,0.0,0
37,749,376,752,378,3,2,3.606,0.0,0
38,752,378,757,386,5,8,9.434,0.0,0
39,757,386,764,399,7,13,14.765,0.0,0
40,764,399,769,411,5,12,13.0,0.0,0
41,769,411,771,419,2,8,8.246,0.0,0
42,771,419,772,425,1,6,6.083,0.0,0
43,772,425,772,426,0,1,1.0,0.0,0
44,772,426,773,428,1,2,2.236,0.0,0
45,773,428,774,428,1,0,1.0,0.0,0
46,774,428,775,430,1,2,2.236,0.0,0
47,775,430,776,431,1,1,1.414,0.0,0
48,776,431,776,435,0,4,4.0,0.0,0
49,776,435,776,437,0,2,2.0,0.0,0
50,776,437,778,443,2,6,6.325,0.0,0
51,778,443,780,451,2,8,8.246,0.0,0
52,780,451,782,453,2,2,2.828,0.0,0
53,782,453,782,455,0,2,2.0,0.0,0
54,782,455,783,455,1,0,1.0,0.0,0
55,783,455,785,458,2,3,3.606,0.0,0
56,785,458,786,460,1,2,2.236,0.0,0
57,786,460,786,460,0,0,0.0,0.0,0
58,786,460,786,461,0,1,1.0,0.0,0
59,786,461,786,463,0,2,2.0,0.0,0
60,786,463,788,468,2,5,5.385,0.0,0
61,788,468,790,474,2,6,6.325,0.0,0
62,790,474,791,474,1,0,1.0,0.0,0
63,791,474,792,474,1,0,1.0,0.0,0
64,792,474,792,475,0,1,1.0,0.0,0
65,792,475,794,478,2,3,3.606,0.0,0
66,794,478,798,484,4,6,7.211,0.0,0
67,798,484,807,499,9,15,17.493,0.0,0
68,807,499,823,519,16,20,25.612,0.0,0
69,823,519,842,547,19,28,33.838,0.0,0
70,842,547,871,580,29,33,43.932,0.0,0
71,871,580,897,607,26,27,37.483,0.0,0
72,897,607,918,628,21,21,29.698,0.0,0
73,918,628,945,660,27,32,41.869,0.0,0
74,945,660,956,674,11,14,17.804,0.0,0
75,956,674,964,686,8,12,14.422,0.0,0
76,964,686,970,695,6,9,10.817,0.0,0
77,970,695,975,701,5,6,7.81,0.0,0
78,975,701,980,709,5,8,9.434,0.0,0
79,980,709,987,718,7,9,11.402,0.0,0
80,987,718,994,726,7,8,10.63,0.0,0
81,994,726,998,733,4,7,8.062,0.0,0
82,998,733,1001,740,3,7,7.616,0.0,0
83,1001,740,1003,747,2,7,7.28,0.0,0
84,1003,747,1008,752,5,5,7.071,0.0,0
85,1008,752,1011,756,3,4,5.0,0.0,0
86,1011,756,1016,764,5,8,9.434,0.0,0
87,1016,764,1018,766,2,2,2.828,0.0,0
88,1018,766,1018,768,0,2,2.0,0.0,0
89,1018,768,1018,771,0,3,3.0,0.0,0
90,1018,771,1018,772,0,1,1.0,0.0,0
91,1018,772,1018,774,0,2,2.0,0.0,0
92,1018,774,1018,775,0,1,1.0,0.0,0
93,1018,775,1019,777,1,2,2.236,0.0,0
94,1019,777,1020,779,1,2,2.236,0.0,0
95,1020,779,1022,780,2,1,2.236,0.0,0
96,1022,780,1023,780,1,0,1.0,0.0,0
97,1023,780,1024,781,1,1,1.414,0.0,0
98,1024,781,1026,783,2,2,2.828,0.0,0
99,1026,783,1030,783,4,0,4.0,0.0,0
100,1030,783,1031,783,1,0,1.0,0.0,0
101,1031,783,1033,783,2,0,2.0,0.0,0
102,1033,783,888,783,-145,0,145.0,0.0,0
103,888,783,877,769,-11,-14,17.804,0.0,0
104,877,769,861,749,-16,-20,25.612,0.0,0
105,861,749,842,726,-19,-23,29.833,0.0,0
106,842,726,811,697,-31,-29,42.45,0.0,0
107,811,697,764,656,-47,-41,62.37,0.0,0
108,764,656,705,608,-59,-48,76.059,0.0,0
109,705,608,637,555,-68,-53,86.215,0.0,0
110,637,555,574,500,-63,-55,83.63,0.0,0
111,574,500,507,436,-67,-64,92.655,0.0,0
112,507,436,436,378,-71,-58,91.679,0.0,0
113,436,378,369,328,-67,-50,83.6,0.0,0
114,369,328,308,284,-61,-44,75.213,0.0,0
115,308,284,257,251,-51,-33,60.745,0.0,0
116,257,251,207,220,-50,-31,58.83,0.0,0
117,207,220,195,209,-12,-11,16.279,0.0,0
118,195,209,191,204,-4,-5,6.403,0.0,0
119,191,204,190,204,-1,0,1.0,0.0,0
120,190,204,190,203,0,-1,1.0,0.0,0
121,190,203,193,203,3,0,3.0,0.0,0
122,193,203,199,203,6,0,6.0,0.0,0
123,199,203,213,204,14,1,14.036,0.0,0
124,213,204,262,215,49,11,50.22,0.0,0
125,262,215,345,248,83,33,89.32,0.0,0
126,345,248,448,300,103,52,115.382,0.0,0
127,448,300,556,354,108,54,120.748,0.0,0
128,556,354,703,445,147,91,172.887,0.0,0
129,703,445,796,510,93,65,113.464,0.0,0
130,796,510,884,575,88,65,109.403,0.0,0
131,884,575,950,628,66,53,84.646,0.0,0
132,950,628,980,653,30,25,39.051,0.0,0
133,980,653,993,667,13,14,19.105,0.0,0
134,993,667,997,673,4,6,7.211,0.0,0
135,997,673,999,680,2,7,7.28,0.0,0
136,999,680,999,686,0,6,6.0,0.0,0
137,999,686,999,694,0,8,8.0,0.0,0
138,999,694,999,699,0,5,5.0,0.0,0
139,999,699,999,704,0,5,5.0,0.0,0
140,999,704,999,709,0,5,5.0,0.0,0
141,999,709,1001,715,2,6,6.325,0.0,0
142,1001,715,1004,721,3,6,6.708,0.0,0
143,1004,721,1010,729,6,8,10.0,0.0,0
144,1010,729,1013,733,3,4,5.0,0.0,0
145,1013,733,1015,739,2,6,6.325,0.0,0
146,1015,739,1016,741,1,2,2.236,0.0,0
147,1016,741,1017,745,1,4,4.123,0.0,0
148,1017,745,1018,750,1,5,5.099,0.001,5104.257
149,1018,750,1020,757,2,7,7.28,0.0,0
150,1020,757,1023,764,3,7,7.616,0.0,0
151,1023,764,1026,768,3,4,5.0,0.0,0
152,1026,768,1030,773,4,5,6.403,0.0,0
153,1030,773,1034,777,4,4,5.657,0.0,0
154,1034,777,1040,780,6,3,6.708,0.0,0
155,1040,780,1042,783,2,3,3.606,0.0,0
156,1042,783,1045,783,3,0,3.0,0.0,0
157,1045,783,903,783,-142,0,142.0,0.0,0
158,903,783,904,758,1,-25,25.02,0.0,0
159,904,758,903,727,-1,-31,31.016,0.0,0
160,903,727,899,700,-4,-27,27.295,0.0,0
161,899,700,889,652,-10,-48,49.031,0.0,0
162,889,652,876,596,-13,-56,57.489,0.0,0
163,876,596,865,556,-11,-40,41.485,0.0,0
164,865,556,850,516,-15,-40,42.72,0.0,0
165,850,516,833,474,-17,-42,45.31,0.0,0
166,833,474,821,448,-12,-26,28.636,0.0,0
167,821,448,812,430,-9,-18,20.125,0.0,0
168,812,430,809,425,-3,-5,5.831,0.0,0
169,809,425,808,423,-1,-2,2.236,0.0,0
170,808,423,808,422,0,-1,1.0,0.0,0
171,808,422,807,421,-1,-1,1.414,0.0,0
172,807,421,806,420,-1,-1,1.414,0.0,0
173,806,420,805,419,-1,-1,1.414,0.0,0
174,805,419,804,417,-1,-2,2.236,0.0,0
175,804,417,802,413,-2,-4,4.472,0.0,0
176,802,413,800,408,-2,-5,5.385,0.0,0
177,800,408,796,404,-4,-4,5.657,0.0,0
178,796,404,794,404,-2,0,2.0,0.0,0
179,794,404,794,404,0,0,0.0,0.0,0
180,794,404,794,405,0,1,1.0,0.0,0
181,794,405,793,409,-1,4,4.123,0.0,0
182,793,409,792,411,-1,2,2.236,0.0,0
183,792,411,790,420,-2,9,9.22,0.0,0
184,790,420,788,425,-2,5,5.385,0.0,0
185,788,425,787,433,-1,8,8.062,0.0,0
186,787,433,786,442,-1,9,9.055,0.0,0
187,786,442,786,450,0,8,8.0,0.0,0
188,786,450,786,452,0,2,2.0,0.0,0
189,786,452,786,453,0,1,1.0,0.0,0
190,786,453,786,454,0,1,1.0,0.0,0
191,786,454,786,455,0,1,1.0,0.0,0
192,786,455,786,457,0,2,2.0,0.0,0
193,786,457,786,460,0,3,3.0,0.0,0
194,786,460,786,471,0,11,11.0,0.0,0
195,786,471,786,480,0,9,9.0,0.0,0
196,786,480,787,484,1,4,4.123,0.0,0
197,787,484,787,485,0,1,1.0,0.0,0
198,787,485,788,486,1,1,1.414,0.0,0
199,788,486,788,485,0,-1,1.0,0.0,0
200,788,485,789,485,1,0,1.0,0.0,0
201,789,485,790,484,1,-1,1.414,0.0,0
202,790,484,791,483,1,-1,1.414,0.0,0
203,791,483,791,481,0,-2,2.0,0.0,0
204,791,481,792,480,1,-1,1.414,0.0,0
205,792,480,793,477,1,-3,3.162,0.0,0
206,793,477,794,477,1,0,1.0,0.0,0
207,794,477,794,476,0,-1,1.0,0.0,0
1,920,783,917,780,-3,-3,4.243,0.0,0
2,917,780,890,733,-27,-47,54.203,0.001,54091.174
3,890,733,886,724,-4,-9,9.849,0.0,0
4,886,724,874,699,-12,-25,27.731,0.0,0
5,874,699,858,670,-16,-29,33.121,0.0,0
6,858,670,836,632,-22,-38,43.909,0.0,0
7,836,632,813,594,-23,-38,44.418,0.0,0
8,813,594,786,554,-27,-40,48.26,0.0,0
9,786,554,778,538,-8,-16,17.889,0.0,0
10,778,538,773,527,-5,-11,12.083,0.0,0
11,773,527,770,515,-3,-12,12.369,0.0,0
12,770,515,762,496,-8,-19,20.616,0.0,0
13,762,496,753,474,-9,-22,23.77,0.0,0
14,753,474,745,454,-8,-20,21.541,0.0,0
15,745,454,738,441,-7,-13,14.765,0.0,0
16,738,441,735,436,-3,-5,5.831,0.0,0
17,735,436,735,436,0,0,0.0,0.0,0
18,735,436,735,435,0,-1,1.0,0.0,0
19,735,435,734,432,-1,-3,3.162,0.0,0
20,734,432,730,424,-4,-8,8.944,0.0,0
21,730,424,729,415,-1,-9,9.055,0.0,0
22,729,415,729,410,0,-5,5.0,0.0,0
23,729,410,729,404,0,-6,6.0,0.0,0
24,729,404,730,399,1,-5,5.099,0.0,0
25,730,399,734,394,4,-5,6.403,0.0,0
26,734,394,737,389,3,-5,5.831,0.0,0
27,737,389,740,385,3,-4,5.0,0.0,0
28,740,385,742,383,2,-2,2.828,0.0,0
29,742,383,743,382,1,-1,1.414,0.0,0
30,743,382,745,380,2,-2,2.828,0.0,0
31,745,380,746,379,1,-1,1.414,0.0,0
32,746,379,746,378,0,-1,1.0,0.0,0
33,746,378,747,376,1,-2,2.236,0.0,0
34,747,376,747,376,0,0,0.0,0.0,0
35,747,376,747,376,0,0,0.0,0.0,0
36,747,376,749,376,2,0,2.0,0.0,0
37,749,376,752,378,3,2,3.606,0.0,0
38,752,378,757,386,5,8,9.434,0.0,0
39,757,386,764,399,7,13,14.765,0.0,0
40,764,399,769,411,5,12,13.0,0.0,0
41,769,411,771,419,2,8,8.246,0.0,0
42,771,419,772,425,1,6,6.083,0.0,0
43,772,425,772,426,0,1,1.0,0.0,0
44,772,426,773,428,1,2,2.236,0.0,0
45,773,428,774,428,1,0,1.0,0.0,0
46,774,428,775,430,1,2,2.236,0.0,0
47,775,430,776,431,1,1,1.414,0.0,0
48,776,431,776,435,0,4,4.0,0.0,0
49,776,435,776,437,0,2,2.0,0.0,0
50,776,437,778,443,2,6,6.325,0.0,0
51,778,443,780,451,2,8,8.246,0.0,0
52,780,451,782,453,2,2,2.828,0.0,0
53,782,453,782,455,0,2,2.0,0.0,0
54,782,455,783,455,1,0,1.0,0.0,0
55,783,455,785,458,2,3,3.606,0.0,0
56,785,458,786,460,1,2,2.236,0.0,0
57,786,460,786,460,0,0,0.0,0.0,0
58,786,460,786,461,0,1,1.0,0.0,0
59,786,461,786,463,0,2,2.0,0.0,0
60,786,463,788,468,2,5,5.385,0.0,0
61,788,468,790,474,2,6,6.325,0.0,0
62,790,474,791,474,1,0,1.0,0.0,0
63,791,474,792,474,1,0,1.0,0.0,0
64,792,474,792,475,0,1,1.0,0.0,0
65,792,475,794,478,2,3,3.606,0.0,0
66,794,478,798,484,4,6,7.211,0.0,0
67,798,484,807,499,9,15,17.493,0.0,0
68,807,499,823,519,16,20,25.612,0.0,0
69,823,519,842,547,19,28,33.838,0.0,0
70,842,547,871,580,29,33,43.932,0.0,0
71,871,580,897,607,26,27,37.483,0.0,0
72,897,607,918,628,21,21,29.698,0.0,0
73,918,628,945,660,27,32,41.869,0.0,0
74,945,660,956,674,11,14,17.804,0.0,0
75,956,674,964,686,8,12,14.422,0.0,0
76,964,686,970,695,6,9,10.817,0.0,0
77,970,695,975,701,5,6,7.81,0.0,0
78,975,701,980,709,5,8,9.434,0.0,0
79,980,709,987,718,7,9,11.402,0.0,0
80,987,718,994,726,7,8,10.63,0.0,0
81,994,726,998,733,4,7,8.062,0.0,0
82,998,733,1001,740,3,7,7.616,0.001,7654.653
83,1001,740,1003,747,2,7,7.28,0.0,0
84,1003,747,1008,752,5,5,7.071,0.0,0
85,1008,752,1011,756,3,4,5.0,0.0,0
86,1011,756,1016,764,5,8,9.434,0.0,0
87,1016,764,1018,766,2,2,2.828,0.0,0
88,1018,766,1018,768,0,2,2.0,0.0,0
89,1018,768,1018,771,0,3,3.0,0.0,0
90,1018,771,1018,772,0,1,1.0,0.0,0
91,1018,772,1018,774,0,2,2.0,0.0,0
92,1018,774,1018,775,0,1,1.0,0.0,0
93,1018,775,1019,777,1,2,2.236,0.0,0
94,1019,777,1020,779,1,2,2.236,0.0,0
95,1020,779,1022,780,2,1,2.236,0.0,0
96,1022,780,1023,780,1,0,1.0,0.0,0
97,1023,780,1024,781,1,1,1.414,0.0,0
98,1024,781,1026,783,2,2,2.828,0.0,0
99,1026,783,1030,783,4,0,4.0,0.0,0
100,1030,783,1031,783,1,0,1.0,0.0,0
101,1031,783,1033,783,2,0,2.0,0.0,0
102,1033,783,888,783,-145,0,145.0,0.0,0
103,888,783,877,769,-11,-14,17.804,0.0,0
104,877,769,861,749,-16,-20,25.612,0.0,0
105,861,749,842,726,-19,-23,29.833,0.0,0
106,842,726,811,697,-31,-29,42.45,0.0,0
107,811,697,764,656,-47,-41,62.37,0.0,0
108,764,656,705,608,-59,-48,76.059,0.0,0
109,705,608,637,555,-68,-53,86.215,0.0,0
110,637,555,574,500,-63,-55,83.63,0.0,0
111,574,500,507,436,-67,-64,92.655,0.0,0
112,507,436,436,378,-71,-58,91.679,0.0,0
113,436,378,369,328,-67,-50,83.6,0.0,0
114,369,328,308,284,-61,-44,75.213,0.0,0
115,308,284,257,251,-51,-33,60.745,0.0,0
116,257,251,207,220,-50,-31,58.83,0.0,0
117,207,220,195,209,-12,-11,16.279,0.0,0
118,195,209,191,204,-4,-5,6.403,0.0,0
119,191,204,190,204,-1,0,1.0,0.0,0
120,190,204,190,203,0,-1,1.0,0.0,0
121,190,203,193,203,3,0,3.0,0.0,0
122,193,203,199,203,6,0,6.0,0.0,0
123,199,203,213,204,14,1,14.036,0.0,0
124,213,204,262,215,49,11,50.22,0.0,0
125,262,215,345,248,83,33,89.32,0.0,0
126,345,248,448,300,103,52,115.382,0.0,0
127,448,300,556,354,108,54,120.748,0.0,0
128,556,354,703,445,147,91,172.887,0.0,0
129,703,445,796,510,93,65,113.464,0.0,0
130,796,510,884,575,88,65,109.403,0.0,0
131,884,575,950,628,66,53,84.646,0.0,0
132,950,628,980,653,30,25,39.051,0.0,0
133,980,653,993,667,13,14,19.105,0.0,0
134,993,667,997,673,4,6,7.211,0.0,0
135,997,673,999,680,2,7,7.28,0.0,0
136,999,680,999,686,0,6,6.0,0.0,0
137,999,686,999,694,0,8,8.0,0.0,0
138,999,694,999,699,0,5,5.0,0.0,0
139,999,699,999,704,0,5,5.0,0.0,0
140,999,704,999,709,0,5,5.0,0.0,0
141,999,709,1001,715,2,6,6.325,0.0,0
142,1001,715,1004,721,3,6,6.708,0.0,0
143,1004,721,1010,729,6,8,10.0,0.0,0
144,1010,729,1013,733,3,4,5.0,0.0,0
145,1013,733,1015,739,2,6,6.325,0.0,0
146,1015,739,1016,741,1,2,2.236,0.0,0
147,1016,741,1017,745,1,4,4.123,0.0,0
148,1017,745,1018,750,1,5,5.099,0.0,0
149,1018,750,1020,757,2,7,7.28,0.0,0
150,1020,757,1023,764,3,7,7.616,0.0,0
151,1023,764,1026,768,3,4,5.0,0.0,0
152,1026,768,1030,773,4,5,6.403,0.0,0
153,1030,773,1034,777,4,4,5.657,0.0,0
154,1034,777,1040,780,6,3,6.708,0.0,0
155,1040,780,1042,783,2,3,3.606,0.0,0
156,1042,783,1045,783,3,0,3.0,0.0,0
157,1045,783,903,783,-142,0,142.0,0.0,0
158,903,783,904,758,1,-25,25.02,0.0,0
159,904,758,903,727,-1,-31,31.016,0.0,0
160,903,727,899,700,-4,-27,27.295,0.0,0
161,899,700,889,652,-10,-48,49.031,0.0,0
162,889,652,876,596,-13,-56,57.489,0.0,0
163,876,596,865,556,-11,-40,41.485,0.0,0
164,865,556,850,516,-15,-40,42.72,0.0,0
165,850,516,833,474,-17,-42,45.31,0.0,0
166,833,474,821,448,-12,-26,28.636,0.0,0
167,821,448,812,430,-9,-18,20.125,0.0,0
168,812,430,809,425,-3,-5,5.831,0.0,0
169,809,425,808,423,-1,-2,2.236,0.0,0
170,808,423,808,422,0,-1,1.0,0.0,0
171,808,422,807,421,-1,-1,1.414,0.0,0
172,807,421,806,420,-1,-1,1.414,0.0,0
173,806,420,805,419,-1,-1,1.414,0.0,0
174,805,419,804,417,-1,-2,2.236,0.0,0
175,804,417,802,413,-2,-4,4.472,0.0,0
176,802,413,800,408,-2,-5,5.385,0.0,0
177,800,408,796,404,-4,-4,5.657,0.0,0
178,796,404,794,404,-2,0,2.0,0.0,0
179,794,404,794,404,0,0,0.0,0.0,0
180,794,404,794,405,0,1,1.0,0.0,0
181,794,405,793,409,-1,4,4.123,0.0,0
182,793,409,792,411,-1,2,2.236,0.0,0
183,792,411,790,420,-2,9,9.22,0.0,0
184,790,420,788,425,-2,5,5.385,0.0,0
185,788,425,787,433,-1,8,8.062,0.0,0
186,787,433,786,442,-1,9,9.055,0.0,0
187,786,442,786,450,0,8,8.0,0.0,0
188,786,450,786,452,0,2,2.0,0.0,0
189,786,452,786,453,0,1,1.0,0.0,0
190,786,453,786,454,0,1,1.0,0.0,0
191,786,454,786,455,0,1,1.0,0.0,0
192,786,455,786,457,0,2,2.0,0.0,0
193,786,457,786,460,0,3,3.0,0.0,0
194,786,460,786,471,0,11,11.0,0.0,0
195,786,471,786,480,0,9,9.0,0.0,0
196,786,480,787,484,1,4,4.123,0.0,0
197,787,484,787,485,0,1,1.0,0.0,0
198,787,485,788,486,1,1,1.414,0.0,0
199,788,486,788,485,0,-1,1.0,0.0,0
200,788,485,789,485,1,0,1.0,0.0,0
201,789,485,790,484,1,-1,1.414,0.0,0
202,790,484,791,483,1,-1,1.414,0.0,0
203,791,483,791,481,0,-2,2.0,0.0,0
204,791,481,792,480,1,-1,1.414,0.0,0
205,792,480,793,477,1,-3,3.162,0.0,0
206,793,477,794,477,1,0,1.0,0.0,0
207,794,477,794,476,0,-1,1.0,0.0,0
1,172,46,355,226,183,180,256.689,0.0,0
2,355,226,362,234,7,8,10.63,0.0,0
3,362,234,369,240,7,6,9.22,0.0,0
4,369,240,372,244,3,4,5.0,0.0,0
5,372,244,381,256,9,12,15.0,0.0,0
6,381,256,397,275,16,19,24.839,0.0,0
7,397,275,420,300,23,25,33.971,0.0,0
8,420,300,464,340,44,40,59.464,0.0,0
9,464,340,486,356,22,16,27.203,0.0,0
10,486,356,506,366,20,10,22.361,0.0,0
11,506,366,522,373,16,7,17.464,0.0,0
12,522,373,530,376,8,3,8.544,0.0,0
13,530,376,551,388,21,12,24.187,0.0,0
14,551,388,564,397,13,9,15.811,0.0,0
15,564,397,577,405,13,8,15.264,0.0,0
16,577,405,590,413,13,8,15.264,0.0,0
17,590,413,603,420,13,7,14.765,0.0,0
18,603,420,619,428,16,8,17.889,0.0,0
19,619,428,651,438,32,10,33.526,0.0,0
20,651,438,661,439,10,1,10.05,0.0,0
21,661,439,685,440,24,1,24.021,0.0,0
22,685,440,695,436,10,-4,10.77,0.0,0
23,695,436,698,435,3,-1,3.162,0.0,0
24,698,435,705,431,7,-4,8.062,0.0,0
25,705,431,709,430,4,-1,4.123,0.0,0
26,709,430,714,428,5,-2,5.385,0.0,0
27,714,428,722,427,8,-1,8.062,0.0,0
28,722,427,727,425,5,-2,5.385,0.0,0
29,727,425,732,423,5,-2,5.385,0.0,0
30,732,423,737,423,5,0,5.0,0.0,0
31,737,423,742,421,5,-2,5.385,0.0,0
32,742,421,752,417,10,-4,10.77,0.0,0
33,752,417,758,411,6,-6,8.485,0.0,0
34,758,411,762,405,4,-6,7.211,0.0,0
35,762,405,765,400,3,-5,5.831,0.0,0
36,765,400,768,396,3,-4,5.0,0.0,0
37,768,396,769,392,1,-4,4.123,0.0,0
38,769,392,770,388,1,-4,4.123,0.0,0
39,770,388,770,387,0,-1,1.0,0.0,0
40,770,387,770,386,0,-1,1.0,0.0,0
41,770,386,770,385,0,-1,1.0,0.0,0
42,770,385,770,381,0,-4,4.0,0.0,0
43,770,381,770,380,0,-1,1.0,0.0,0
44,770,380,770,378,0,-2,2.0,0.0,0
45,770,378,770,377,0,-1,1.0,0.0,0
46,770,377,770,377,0,0,0.0,0.0,0
47,770,377,770,377,0,0,0.0,0.0,0
48,770,377,770,377,0,0,0.0,0.0,0
49,770,377,770,378,0,1,1.0,0.0,0
50,770,378,771,380,1,2,2.236,0.0,0
51,771,380,772,382,1,2,2.236,0.0,0
52,772,382,774,386,2,4,4.472,0.0,0
53,774,386,775,388,1,2,2.236,0.0,0
54,775,388,775,388,0,0,0.0,0.0,0
55,775,388,775,390,0,2,2.0,0.0,0
56,775,390,775,393,0,3,3.0,0.0,0
57,775,393,774,396,-1,3,3.162,0.0,0
58,774,396,774,398,0,2,2.0,0.0,0
59,774,398,774,400,0,2,2.0,0.0,0
60,774,400,774,401,0,1,1.0,0.0,0
61,774,401,774,404,0,3,3.0,0.0,0
62,774,404,774,406,0,2,2.0,0.0,0
63,774,406,774,409,0,3,3.0,0.0,0
64,774,409,774,410,0,1,1.0,0.0,0
65,774,410,774,411,0,1,1.0,0.0,0
66,774,411,774,413,0,2,2.0,0.0,0
67,774,413,773,415,-1,2,2.236,0.0,0
68,773,415,773,417,0,2,2.0,0.0,0
69,773,417,773,421,0,4,4.0,0.0,0
70,773,421,771,437,-2,16,16.125,0.0,0
71,771,437,771,448,0,11,11.0,0.0,0
72,771,448,771,451,0,3,3.0,0.0,0
73,771,451,771,450,0,-1,1.0,0.0,0
74,771,450,771,449,0,-1,1.0,0.0,0
75,771,449,771,448,0,-1,1.0,0.0,0
76,771,448,771,447,0,-1,1.0,0.0,0
77,771,447,770,444,-1,-3,3.162,0.0,0
78,770,444,770,443,0,-1,1.0,0.0,0
79,770,443,770,440,0,-3,3.0,0.0,0
80,770,440,769,439,-1,-1,1.414,0.001,1421.433
81,769,439,769,437,0,-2,2.0,0.0,0
82,769,437,769,436,0,-1,1.0,0.0,0
83,769,436,769,435,0,-1,1.0,0.0,0
84,769,435,768,433,-1,-2,2.236,0.0,0
85,768,433,767,433,-1,0,1.0,0.0,0
86,767,433,768,435,1,2,2.236,0.0,0
87,768,435,770,437,2,2,2.828,0.0,0
88,770,437,771,442,1,5,5.099,0.0,0
89,771,442,774,450,3,8,8.544,0.0,0
90,774,450,777,459,3,9,9.487,0.0,0
91,777,459,779,466,2,7,7.28,0.0,0
92,779,466,783,470,4,4,5.657,0.0,0
93,783,470,784,471,1,1,1.414,0.0,0
1,448,208,450,213,2,5,5.385,0.0,0
2,450,213,451,219,1,6,6.083,0.001,6119.682
3,451,219,481,227,30,8,31.048,0.0,0
4,481,227,571,260,90,33,95.859,0.0,0
5,571,260,626,283,55,23,59.615,0.0,0
6,626,283,682,306,56,23,60.539,0.0,0
7,682,306,724,325,42,19,46.098,0.0,0
8,724,325,741,333,17,8,18.788,0.0,0
9,741,333,748,341,7,8,10.63,0.0,0
10,748,341,748,343,0,2,2.0,0.0,0
11,748,343,753,344,5,1,5.099,0.0,0
12,753,344,758,345,5,1,5.099,0.0,0
13,758,345,766,348,8,3,8.544,0.0,0
14,766,348,770,350,4,2,4.472,0.0,0
15,770,350,772,351,2,1,2.236,0.0,0
16,772,351,774,353,2,2,2.828,0.0,0
17,774,353,777,356,3,3,4.243,0.0,0
18,777,356,778,359,1,3,3.162,0.0,0
19,778,359,779,362,1,3,3.162,0.0,0
20,779,362,780,364,1,2,2.236,0.0,0
21,780,364,780,364,0,0,0.0,0.0,0
22,780,364,780,364,0,0,0.0,0.0,0
23,780,364,780,364,0,0,0.0,0.0,0
24,780,364,780,364,0,0,0.0,0.0,0
25,780,364,780,364,0,0,0.0,0.0,0
26,780,364,780,365,0,1,1.0,0.0,0
27,780,365,780,367,0,2,2.0,0.0,0
28,780,367,780,369,0,2,2.0,0.0,0
29,780,369,779,371,-1,2,2.236,0.0,0
30,779,371,778,372,-1,1,1.414,0.0,0
31,778,372,777,373,-1,1,1.414,0.0,0
32,777,373,777,375,0,2,2.0,0.0,0
33,777,375,775,377,-2,2,2.828,0.0,0
34,775,377,774,380,-1,3,3.162,0.0,0
35,774,380,773,380,-1,0,1.0,0.0,0
36,773,380,773,382,0,2,2.0,0.0,0
37,773,382,772,385,-1,3,3.162,0.0,0
38,772,385,771,387,-1,2,2.236,0.0,0
39,771,387,770,388,-1,1,1.414,0.0,0
40,770,388,770,388,0,0,0.0,0.0,0
41,770,388,769,391,-1,3,3.162,0.0,0
42,769,391,768,392,-1,1,1.414,0.0,0
43,768,392,766,396,-2,4,4.472,0.0,0
44,766,396,766,397,0,1,1.0,0.001,1008.246
45,766,397,764,401,-2,4,4.472,0.0,0
46,764,401,763,403,-1,2,2.236,0.0,0
47,763,403,763,406,0,3,3.0,0.0,0
48,763,406,761,412,-2,6,6.325,0.0,0
49,761,412,761,415,0,3,3.0,0.0,0
50,761,415,759,420,-2,5,5.385,0.0,0
51,759,420,759,422,0,2,2.0,0.0,0
52,759,422,759,425,0,3,3.0,0.0,0
53,759,425,760,427,1,2,2.236,0.0,0
54,760,427,761,430,1,3,3.162,0.0,0
55,761,430,761,431,0,1,1.0,0.0,0
56,761,431,762,433,1,2,2.236,0.0,0
57,762,433,762,434,0,1,1.0,0.0,0
58,762,434,762,435,0,1,1.0,0.0,0
59,762,435,762,436,0,1,1.0,0.0,0
60,762,436,763,436,1,0,1.0,0.0,0
61,763,436,763,437,0,1,1.0,0.0,0
62,763,437,764,440,1,3,3.162,0.0,0
63,764,440,764,442,0,2,2.0,0.0,0
64,764,442,765,446,1,4,4.123,0.0,0
65,765,446,765,449,0,3,3.0,0.0,0
66,765,449,765,450,0,1,1.0,0.0,0
67,765,450,765,452,0,2,2.0,0.0,0
68,765,452,765,453,0,1,1.0,0.0,0
69,765,453,765,455,0,2,2.0,0.0,0
70,765,455,765,457,0,2,2.0,0.0,0
71,765,457,766,458,1,1,1.414,0.0,0
72,766,458,766,459,0,1,1.0,0.0,0
73,766,459,767,461,1,2,2.236,0.0,0
74,767,461,767,463,0,2,2.0,0.0,0
75,767,463,767,464,0,1,1.0,0.0,0
76,767,464,767,466,0,2,2.0,0.0,0
77,767,466,767,467,0,1,1.0,0.0,0
78,767,467,767,468,0,1,1.0,0.0,0
79,767,468,767,470,0,2,2.0,0.0,0
80,767,470,767,471,0,1,1.0,0.0,0
81,767,471,767,472,0,1,1.0,0.0,0
1,448,208,450,213,2,5,5.385,0.0,0
2,450,213,451,219,1,6,6.083,0.0,0
3,451,219,481,227,30,8,31.048,0.0,0
4,481,227,571,260,90,33,95.859,0.0,0
5,571,260,626,283,55,23,59.615,0.0,0
6,626,283,682,306,56,23,60.539,0.0,0
7,682,306,724,325,42,19,46.098,0.0,0
8,724,325,741,333,17,8,18.788,0.0,0
9,741,333,748,341,7,8,10.63,0.0,0
10,748,341,748,343,0,2,2.0,0.0,0
11,748,343,753,344,5,1,5.099,0.0,0
12,753,344,758,345,5,1,5.099,0.0,0
13,758,345,766,348,8,3,8.544,0.0,0
14,766,348,770,350,4,2,4.472,0.0,0
15,770,350,772,351,2,1,2.236,0.0,0
16,772,351,774,353,2,2,2.828,0.0,0
17,774,353,777,356,3,3,4.243,0.0,0
18,777,356,778,359,1,3,3.162,0.0,0
19,778,359,779,362,1,3,3.162,0.0,0
20,779,362,780,364,1,2,2.236,0.0,0
21,780,364,780,364,0,0,0.0,0.0,0
22,780,364,780,364,0,0,0.0,0.001,0.0
23,780,364,780,364,0,0,0.0,0.0,0
24,780,364,780,364,0,0,0.0,0.0,0
25,780,364,780,364,0,0,0.0,0.0,0
26,780,364,780,365,0,1,1.0,0.0,0
27,780,365,780,367,0,2,2.0,0.0,0
28,780,367,780,369,0,2,2.0,0.0,0
29,780,369,779,371,-1,2,2.236,0.0,0
30,779,371,778,372,-1,1,1.414,0.0,0
31,778,372,777,373,-1,1,1.414,0.0,0
32,777,373,777,375,0,2,2.0,0.0,0
33,777,375,775,377,-2,2,2.828,0.0,0
34,775,377,774,380,-1,3,3.162,0.0,0
35,774,380,773,380,-1,0,1.0,0.0,0
36,773,380,773,382,0,2,2.0,0.0,0
37,773,382,772,385,-1,3,3.162,0.0,0
38,772,385,771,387,-1,2,2.236,0.0,0
39,771,387,770,388,-1,1,1.414,0.0,0
40,770,388,770,388,0,0,0.0,0.0,0
41,770,388,769,391,-1,3,3.162,0.0,0
42,769,391,768,392,-1,1,1.414,0.0,0
43,768,392,766,396,-2,4,4.472,0.0,0
44,766,396,766,397,0,1,1.0,0.0,0
45,766,397,764,401,-2,4,4.472,0.0,0
46,764,401,763,403,-1,2,2.236,0.0,0
47,763,403,763,406,0,3,3.0,0.0,0
48,763,406,761,412,-2,6,6.325,0.0,0
49,761,412,761,415,0,3,3.0,0.0,0
50,761,415,759,420,-2,5,5.385,0.0,0
51,759,420,759,422,0,2,2.0,0.0,0
52,759,422,759,425,0,3,3.0,0.0,0
53,759,425,760,427,1,2,2.236,0.0,0
54,760,427,761,430,1,3,3.162,0.0,0
55,761,430,761,431,0,1,1.0,0.0,0
56,761,431,762,433,1,2,2.236,0.0,0
57,762,433,762,434,0,1,1.0,0.0,0
58,762,434,762,435,0,1,1.0,0.0,0
59,762,435,762,436,0,1,1.0,0.0,0
60,762,436,763,436,1,0,1.0,0.0,0
61,763,436,763,437,0,1,1.0,0.0,0
62,763,437,764,440,1,3,3.162,0.0,0
63,764,440,764,442,0,2,2.0,0.0,0
64,764,442,765,446,1,4,4.123,0.0,0
65,765,446,765,449,0,3,3.0,0.0,0
66,765,449,765,450,0,1,1.0,0.0,0
67,765,450,765,452,0,2,2.0,0.0,0
68,765,452,765,453,0,1,1.0,0.001,1002.942
69,765,453,765,455,0,2,2.0,0.0,0
70,765,455,765,457,0,2,2.0,0.0,0
71,765,457,766,458,1,1,1.414,0.0,0
72,766,458,766,459,0,1,1.0,0.0,0
73,766,459,767,461,1,2,2.236,0.0,0
74,767,461,767,463,0,2,2.0,0.0,0
75,767,463,767,464,0,1,1.0,0.0,0
76,767,464,767,466,0,2,2.0,0.0,0
77,767,466,767,467,0,1,1.0,0.0,0
78,767,467,767,468,0,1,1.0,0.0,0
79,767,468,767,470,0,2,2.0,0.0,0
80,767,470,767,471,0,1,1.0,0.0,0
81,767,471,767,472,0,1,1.0,0.0,0
82,767,472,749,470,-18,-2,18.111,0.0,0
83,749,470,725,463,-24,-7,25.0,0.0,0
84,725,463,692,457,-33,-6,33.541,0.0,0
85,692,457,670,453,-22,-4,22.361,0.0,0
86,670,453,630,445,-40,-8,40.792,0.0,0
87,630,445,596,428,-34,-17,38.013,0.0,0
88,596,428,563,414,-33,-14,35.847,0.0,0
89,563,414,514,388,-49,-26,55.471,0.0,0
90,514,388,474,365,-40,-23,46.141,0.0,0
91,474,365,430,339,-44,-26,51.108,0.0,0
92,430,339,415,331,-15,-8,17.0,0.0,0
93,415,331,404,326,-11,-5,12.083,0.0,0
94,404,326,434,340,30,14,33.106,0.0,0
95,434,340,469,360,35,20,40.311,0.0,0
96,469,360,499,376,30,16,34.0,0.0,0
97,499,376,605,440,106,64,123.822,0.0,0
98,605,440,674,484,69,44,81.835,0.0,0
99,674,484,752,537,78,53,94.303,0.0,0
100,752,537,775,555,23,18,29.206,0.0,0
101,775,555,794,573,19,18,26.173,0.0,0
102,794,573,802,583,8,10,12.806,0.0,0
103,802,583,836,604,34,21,39.962,0.0,0
104,836,604,909,658,73,54,90.802,0.0,0
105,909,658,971,700,62,42,74.887,0.0,0
106,971,700,1019,733,48,33,58.249,0.0,0
107,1019,733,1034,747,15,14,20.518,0.0,0
108,1034,747,1044,755,10,8,12.806,0.0,0
109,1044,755,1046,757,2,2,2.828,0.0,0
110,1046,757,1046,759,0,2,2.0,0.0,0
111,1046,759,1049,762,3,3,4.243,0.001,4238.905
112,1049,762,1050,765,1,3,3.162,0.0,0
113,1050,765,1055,772,5,7,8.602,0.0,0
114,1055,772,1058,776,3,4,5.0,0.0,0
115,1058,776,1062,783,4,7,8.062,0.0,0
116,1062,783,1063,783,1,0,1.0,0.0,0
117,1063,783,878,771,-185,-12,185.389,0.0,0
118,878,771,829,713,-49,-58,75.928,0.0,0
119,829,713,794,662,-35,-51,61.855,0.0,0
120,794,662,751,596,-43,-66,78.772,0.0,0
121,751,596,730,557,-21,-39,44.294,0.0,0
122,730,557,716,537,-14,-20,24.413,0.0,0
123,716,537,705,524,-11,-13,17.029,0.0,0
124,705,524,699,516,-6,-8,10.0,0.0,0
125,699,516,682,490,-17,-26,31.064,0.0,0
126,682,490,666,465,-16,-25,29.682,0.0,0
127,666,465,658,452,-8,-13,15.264,0.0,0
128,658,452,655,441,-3,-11,11.402,0.0,0
129,655,441,655,438,0,-3,3.0,0.0,0
130,655,438,655,436,0,-2,2.0,0.0,0
131,655,436,657,436,2,0,2.0,0.0,0
132,657,436,659,435,2,-1,2.236,0.0,0
133,659,435,683,435,24,0,24.0,0.0,0
134,683,435,718,447,35,12,37.0,0.0,0
135,718,447,749,465,31,18,35.847,0.0,0
136,749,465,755,468,6,3,6.708,0.0,0
137,755,468,758,469,3,1,3.162,0.0,0
138,758,469,761,471,3,2,3.606,0.0,0
139,761,471,762,472,1,1,1.414,0.0,0
140,762,472,763,472,1,0,1.0,0.0,0
141,763,472,763,473,0,1,1.0,0.0,0
142,763,473,764,473,1,0,1.0,0.0,0
143,764,473,765,473,1,0,1.0,0.0,0
144,765,473,767,473,2,0,2.0,0.0,0
145,767,473,768,473,1,0,1.0,0.001,1000.072
146,768,473,769,473,1,0,1.0,0.0,0
147,769,473,770,473,1,0,1.0,0.0,0
1,340,122,469,205,129,83,153.395,0.0,0
2,469,205,471,206,2,1,2.236,0.001,2214.058
3,471,206,623,270,152,64,164.924,0.0,0
4,623,270,639,279,16,9,18.358,0.0,0
5,639,279,662,292,23,13,26.42,0.0,0
6,662,292,674,297,12,5,13.0,0.0,0
7,674,297,704,313,30,16,34.0,0.0,0
8,704,313,712,316,8,3,8.544,0.0,0
9,712,316,715,317,3,1,3.162,0.0,0
10,715,317,716,318,1,1,1.414,0.0,0
11,716,318,718,318,2,0,2.0,0.0,0
12,718,318,719,318,1,0,1.0,0.0,0
13,719,318,720,318,1,0,1.0,0.0,0
14,720,318,721,318,1,0,1.0,0.0,0
15,721,318,722,318,1,0,1.0,0.0,0
16,722,318,724,318,2,0,2.0,0.0,0
17,724,318,730,320,6,2,6.325,0.0,0
18,730,320,735,323,5,3,5.831,0.0,0
19,735,323,739,325,4,2,4.472,0.0,0
20,739,325,746,330,7,5,8.602,0.0,0
21,746,330,751,335,5,5,7.071,0.0,0
22,751,335,756,341,5,6,7.81,0.0,0
23,756,341,758,344,2,3,3.606,0.0,0
24,758,344,759,346,1,2,2.236,0.0,0
25,759,346,760,348,1,2,2.236,0.0,0
26,760,348,760,351,0,3,3.0,0.0,0
27,760,351,761,353,1,2,2.236,0.0,0
28,761,353,761,355,0,2,2.0,0.0,0
29,761,355,762,356,1,1,1.414,0.0,0
30,762,356,762,357,0,1,1.0,0.0,0
31,762,357,763,360,1,3,3.162,0.0,0
32,763,360,764,362,1,2,2.236,0.0,0
33,764,362,764,364,0,2,2.0,0.0,0
34,764,364,765,365,1,1,1.414,0.0,0
35,765,365,765,366,0,1,1.0,0.0,0
36,765,366,766,368,1,2,2.236,0.0,0
37,766,368,766,368,0,0,0.0,0.0,0
38,766,368,766,368,0,0,0.0,0.0,0
39,766,368,766,368,0,0,0.0,0.0,0
40,766,368,766,369,0,1,1.0,0.0,0
41,766,369,766,370,0,1,1.0,0.0,0
42,766,370,766,371,0,1,1.0,0.0,0
43,766,371,766,372,0,1,1.0,0.0,0
44,766,372,765,373,-1,1,1.414,0.0,0
45,765,373,763,376,-2,3,3.606,0.0,0
46,763,376,763,378,0,2,2.0,0.0,0
47,763,378,762,381,-1,3,3.162,0.0,0
48,762,381,761,385,-1,4,4.123,0.0,0
49,761,385,760,389,-1,4,4.123,0.0,0
50,760,389,758,392,-2,3,3.606,0.0,0
51,758,392,758,397,0,5,5.0,0.0,0
52,758,397,756,400,-2,3,3.606,0.0,0
53,756,400,756,402,0,2,2.0,0.0,0
54,756,402,754,405,-2,3,3.606,0.0,0
55,754,405,754,407,0,2,2.0,0.0,0
56,754,407,754,409,0,2,2.0,0.0,0
57,754,409,754,411,0,2,2.0,0.0,0
58,754,411,753,412,-1,1,1.414,0.0,0
59,753,412,753,414,0,2,2.0,0.0,0
60,753,414,752,415,-1,1,1.414,0.0,0
61,752,415,751,418,-1,3,3.162,0.0,0
62,751,418,751,420,0,2,2.0,0.0,0
63,751,420,750,421,-1,1,1.414,0.001,1396.009
64,750,421,749,422,-1,1,1.414,0.0,0
65,749,422,749,424,0,2,2.0,0.0,0
66,749,424,748,425,-1,1,1.414,0.0,0
67,748,425,748,426,0,1,1.0,0.0,0
68,748,426,748,427,0,1,1.0,0.0,0
69,748,427,749,428,1,1,1.414,0.0,0
70,749,428,751,432,2,4,4.472,0.0,0
71,751,432,753,436,2,4,4.472,0.0,0
72,753,436,754,437,1,1,1.414,0.0,0
73,754,437,756,441,2,4,4.472,0.0,0
74,756,441,758,443,2,2,2.828,0.0,0
75,758,443,760,445,2,2,2.828,0.0,0
76,760,445,761,449,1,4,4.123,0.0,0
77,761,449,762,451,1,2,2.236,0.0,0
78,762,451,762,452,0,1,1.0,0.0,0
79,762,452,764,454,2,2,2.828,0.0,0
80,764,454,764,455,0,1,1.0,0.0,0
81,764,455,764,457,0,2,2.0,0.0,0
82,764,457,765,458,1,1,1.414,0.0,0
83,765,458,765,459,0,1,1.0,0.0,0
84,765,459,767,459,2,0,2.0,0.0,0
85,767,459,767,460,0,1,1.0,0.0,0
86,767,460,767,461,0,1,1.0,0.0,0
87,767,461,767,462,0,1,1.0,0.0,0
88,767,462,767,464,0,2,2.0,0.0,0
89,767,464,768,465,1,1,1.414,0.0,0
90,768,465,768,466,0,1,1.0,0.0,0
1,340,122,469,205,129,83,153.395,0.0,0
2,469,205,471,206,2,1,2.236,0.0,0
3,471,206,623,270,152,64,164.924,0.0,0
4,623,270,639,279,16,9,18.358,0.0,0
5,639,279,662,292,23,13,26.42,0.0,0
6,662,292,674,297,12,5,13.0,0.0,0
7,674,297,704,313,30,16,34.0,0.0,0
8,704,313,712,316,8,3,8.544,0.0,0
9,712,316,715,317,3,1,3.162,0.0,0
10,715,317,716,318,1,1,1.414,0.0,0
11,716,318,718,318,2,0,2.0,0.0,0
12,718,318,719,318,1,0,1.0,0.0,0
13,719,318,720,318,1,0,1.0,0.0,0
14,720,318,721,318,1,0,1.0,0.0,0
15,721,318,722,318,1,0,1.0,0.0,0
16,722,318,724,318,2,0,2.0,0.0,0
17,724,318,730,320,6,2,6.325,0.0,0
18,730,320,735,323,5,3,5.831,0.001,5831.375
19,735,323,739,325,4,2,4.472,0.0,0
20,739,325,746,330,7,5,8.602,0.0,0
21,746,330,751,335,5,5,7.071,0.0,0
22,751,335,756,341,5,6,7.81,0.0,0
23,756,341,758,344,2,3,3.606,0.0,0
24,758,344,759,346,1,2,2.236,0.0,0
25,759,346,760,348,1,2,2.236,0.0,0
26,760,348,760,351,0,3,3.0,0.0,0
27,760,351,761,353,1,2,2.236,0.0,0
28,761,353,761,355,0,2,2.0,0.0,0
29,761,355,762,356,1,1,1.414,0.0,0
30,762,356,762,357,0,1,1.0,0.0,0
31,762,357,763,360,1,3,3.162,0.0,0
32,763,360,764,362,1,2,2.236,0.0,0
33,764,362,764,364,0,2,2.0,0.0,0
34,764,364,765,365,1,1,1.414,0.0,0
35,765,365,765,366,0,1,1.0,0.0,0
36,765,366,766,368,1,2,2.236,0.0,0
37,766,368,766,368,0,0,0.0,0.0,0
38,766,368,766,368,0,0,0.0,0.0,0
39,766,368,766,368,0,0,0.0,0.0,0
40,766,368,766,369,0,1,1.0,0.0,0
41,766,369,766,370,0,1,1.0,0.0,0
42,766,370,766,371,0,1,1.0,0.0,0
43,766,371,766,372,0,1,1.0,0.0,0
44,766,372,765,373,-1,1,1.414,0.0,0
45,765,373,763,376,-2,3,3.606,0.0,0
46,763,376,763,378,0,2,2.0,0.0,0
47,763,378,762,381,-1,3,3.162,0.0,0
48,762,381,761,385,-1,4,4.123,0.0,0
49,761,385,760,389,-1,4,4.123,0.0,0
50,760,389,758,392,-2,3,3.606,0.0,0
51,758,392,758,397,0,5,5.0,0.0,0
52,758,397,756,400,-2,3,3.606,0.0,0
53,756,400,756,402,0,2,2.0,0.0,0
54,756,402,754,405,-2,3,3.606,0.0,0
55,754,405,754,407,0,2,2.0,0.0,0
56,754,407,754,409,0,2,2.0,0.0,0
57,754,409,754,411,0,2,2.0,0.0,0
58,754,411,753,412,-1,1,1.414,0.0,0
59,753,412,753,414,0,2,2.0,0.0,0
60,753,414,752,415,-1,1,1.414,0.0,0
61,752,415,751,418,-1,3,3.162,0.0,0
62,751,418,751,420,0,2,2.0,0.001,2012.139
63,751,420,750,421,-1,1,1.414,0.0,0
64,750,421,749,422,-1,1,1.414,0.0,0
65,749,422,749,424,0,2,2.0,0.0,0
66,749,424,748,425,-1,1,1.414,0.0,0
67,748,425,748,426,0,1,1.0,0.0,0
68,748,426,748,427,0,1,1.0,0.0,0
69,748,427,749,428,1,1,1.414,0.0,0
70,749,428,751,432,2,4,4.472,0.0,0
71,751,432,753,436,2,4,4.472,0.0,0
72,753,436,754,437,1,1,1.414,0.0,0
73,754,437,756,441,2,4,4.472,0.0,0
74,756,441,758,443,2,2,2.828,0.0,0
75,758,443,760,445,2,2,2.828,0.0,0
76,760,445,761,449,1,4,4.123,0.0,0
77,761,449,762,451,1,2,2.236,0.0,0
78,762,451,762,452,0,1,1.0,0.0,0
79,762,452,764,454,2,2,2.828,0.0,0
80,764,454,764,455,0,1,1.0,0.0,0
81,764,455,764,457,0,2,2.0,0.0,0
82,764,457,765,458,1,1,1.414,0.0,0
83,765,458,765,459,0,1,1.0,0.0,0
84,765,459,767,459,2,0,2.0,0.0,0
85,767,459,767,460,0,1,1.0,0.0,0
86,767,460,767,461,0,1,1.0,0.0,0
87,767,461,767,462,0,1,1.0,0.0,0
88,767,462,767,464,0,2,2.0,0.0,0
89,767,464,768,465,1,1,1.414,0.0,0
90,768,465,768,466,0,1,1.0,0.0,0
91,768,466,780,475,12,9,15.0,0.0,0
92,780,475,798,488,18,13,22.204,0.0,0
93,798,488,823,512,25,24,34.655,0.0,0
94,823,512,840,527,17,15,22.672,0.0,0
95,840,527,850,540,10,13,16.401,0.0,0
96,850,540,864,551,14,11,17.804,0.0,0
97,864,551,869,556,5,5,7.071,0.0,0
98,869,556,873,560,4,4,5.657,0.0,0
99,873,560,874,563,1,3,3.162,0.0,0
100,874,563,874,564,0,1,1.0,0.0,0
101,874,564,889,579,15,15,21.213,0.0,0
102,889,579,908,599,19,20,27.586,0.0,0
103,908,599,937,631,29,32,43.186,0.0,0
104,937,631,950,648,13,17,21.401,0.0,0
105,950,648,962,661,12,13,17.692,0.0,0
106,962,661,966,666,4,5,6.403,0.0,0
107,966,666,969,670,3,4,5.0,0.001,5009.919
108,969,670,969,671,0,1,1.0,0.0,0
109,969,671,974,671,5,0,5.0,0.0,0
110,974,671,984,671,10,0,10.0,0.0,0
111,984,671,1002,680,18,9,20.125,0.0,0
112,1002,680,1027,700,25,20,32.016,0.0,0
113,1027,700,1038,714,11,14,17.804,0.0,0
114,1038,714,1048,728,10,14,17.205,0.0,0
115,1048,728,1050,734,2,6,6.325,0.0,0
116,1050,734,1052,741,2,7,7.28,0.0,0
117,1052,741,1053,743,1,2,2.236,0.0,0
118,1053,743,1054,748,1,5,5.099,0.0,0
119,1054,748,1056,753,2,5,5.385,0.0,0
120,1056,753,1058,757,2,4,4.472,0.0,0
121,1058,757,1060,764,2,7,7.28,0.0,0
122,1060,764,1061,765,1,1,1.414,0.0,0
123,1061,765,1063,770,2,5,5.385,0.0,0
124,1063,770,1063,771,0,1,1.0,0.0,0
125,1063,771,1064,772,1,1,1.414,0.0,0
126,1064,772,1065,774,1,2,2.236,0.0,0
127,1065,774,1065,775,0,1,1.0,0.0,0
128,1065,775,1066,777,1,2,2.236,0.0,0
129,1066,777,1066,779,0,2,2.0,0.0,0
130,1066,779,1066,780,0,1,1.0,0.0,0
131,1066,780,1067,783,1,3,3.162,0.0,0
132,1067,783,882,779,-185,-4,185.043,0.0,0
133,882,779,860,755,-22,-24,32.558,0.0,0
134,860,755,845,734,-15,-21,25.807,0.0,0
135,845,734,834,708,-11,-26,28.231,0.0,0
136,834,708,828,692,-6,-16,17.088,0.0,0
137,828,692,825,680,-3,-12,12.369,0.0,0
138,825,680,824,678,-1,-2,2.236,0.0,0
139,824,678,830,660,6,-18,18.974,0.0,0
140,830,660,839,642,9,-18,20.125,0.0,0
141,839,642,856,609,17,-33,37.121,0.0,0
142,856,609,866,591,10,-18,20.591,0.0,0
143,866,591,878,568,12,-23,25.942,0.0,0
144,878,568,882,562,4,-6,7.211,0.0,0
145,882,562,886,559,4,-3,5.0,0.0,0
146,886,559,888,556,2,-3,3.606,0.0,0
147,888,556,888,556,0,0,0.0,0.0,0
148,888,556,889,555,1,-1,1.414,0.001,1409.946
149,889,555,890,555,1,0,1.0,0.0,0
150,890,555,890,554,0,-1,1.0,0.0,0
151,890,554,891,553,1,-1,1.414,0.0,0
152,891,553,892,552,1,-1,1.414,0.0,0
153,892,552,892,549,0,-3,3.0,0.0,0
154,892,549,893,548,1,-1,1.414,0.0,0
155,893,548,894,543,1,-5,5.099,0.0,0
156,894,543,894,541,0,-2,2.0,0.0,0
157,894,541,894,537,0,-4,4.0,0.0,0
158,894,537,893,534,-1,-3,3.162,0.0,0
159,893,534,892,531,-1,-3,3.162,0.0,0
160,892,531,890,523,-2,-8,8.246,0.0,0
161,890,523,887,518,-3,-5,5.831,0.0,0
162,887,518,884,511,-3,-7,7.616,0.0,0
163,884,511,882,507,-2,-4,4.472,0.0,0
164,882,507,882,503,0,-4,4.0,0.0,0
165,882,503,879,493,-3,-10,10.44,0.0,0
166,879,493,878,490,-1,-3,3.162,0.0,0
167,878,490,876,484,-2,-6,6.325,0.0,0
168,876,484,876,484,0,0,0.0,0.0,0
169,876,484,875,482,-1,-2,2.236,0.0,0
170,875,482,875,481,0,-1,1.0,0.0,0
171,875,481,875,480,0,-1,1.0,0.0,0
172,875,480,874,479,-1,-1,1.414,0.0,0
173,874,479,874,478,0,-1,1.0,0.0,0
174,874,478,873,476,-1,-2,2.236,0.0,0
175,873,476,872,475,-1,-1,1.414,0.0,0
176,872,475,872,474,0,-1,1.0,0.0,0
1,340,122,469,205,129,83,153.395,0.0,0
2,469,205,471,206,2,1,2.236,0.0,0
3,471,206,623,270,152,64,164.924,0.0,0
4,623,270,639,279,16,9,18.358,0.0,0
5,639,279,662,292,23,13,26.42,0.0,0
6,662,292,674,297,12,5,13.0,0.0,0
7,674,297,704,313,30,16,34.0,0.001,34067.448
8,704,313,712,316,8,3,8.544,0.0,0
9,712,316,715,317,3,1,3.162,0.0,0
10,715,317,716,318,1,1,1.414,0.0,0
11,716,318,718,318,2,0,2.0,0.0,0
12,718,318,719,318,1,0,1.0,0.0,0
13,719,318,720,318,1,0,1.0,0.0,0
14,720,318,721,318,1,0,1.0,0.0,0
15,721,318,722,318,1,0,1.0,0.0,0
16,722,318,724,318,2,0,2.0,0.0,0
17,724,318,730,320,6,2,6.325,0.0,0
18,730,320,735,323,5,3,5.831,0.0,0
19,735,323,739,325,4,2,4.472,0.0,0
20,739,325,746,330,7,5,8.602,0.0,0
21,746,330,751,335,5,5,7.071,0.0,0
22,751,335,756,341,5,6,7.81,0.0,0
23,756,341,758,344,2,3,3.606,0.0,0
24,758,344,759,346,1,2,2.236,0.0,0
25,759,346,760,348,1,2,2.236,0.0,0
26,760,348,760,351,0,3,3.0,0.0,0
27,760,351,761,353,1,2,2.236,0.0,0
28,761,353,761,355,0,2,2.0,0.0,0
29,761,355,762,356,1,1,1.414,0.0,0
30,762,356,762,357,0,1,1.0,0.0,0
31,762,357,763,360,1,3,3.162,0.0,0
32,763,360,764,362,1,2,2.236,0.0,0
33,764,362,764,364,0,2,2.0,0.0,0
34,764,364,765,365,1,1,1.414,0.0,0
35,765,365,765,366,0,1,1.0,0.0,0
36,765,366,766,368,1,2,2.236,0.0,0
37,766,368,766,368,0,0,0.0,0.0,0
38,766,368,766,368,0,0,0.0,0.0,0
39,766,368,766,368,0,0,0.0,0.0,0
40,766,368,766,369,0,1,1.0,0.0,0
41,766,369,766,370,0,1,1.0,0.0,0
42,766,370,766,371,0,1,1.0,0.0,0
43,766,371,766,372,0,1,1.0,0.0,0
44,766,372,765,373,-1,1,1.414,0.0,0
45,765,373,763,376,-2,3,3.606,0.0,0
46,763,376,763,378,0,2,2.0,0.0,0
47,763,378,762,381,-1,3,3.162,0.0,0
48,762,381,761,385,-1,4,4.123,0.0,0
49,761,385,760,389,-1,4,4.123,0.0,0
50,760,389,758,392,-2,3,3.606,0.0,0
51,758,392,758,397,0,5,5.0,0.0,0
52,758,397,756,400,-2,3,3.606,0.0,0
53,756,400,756,402,0,2,2.0,0.0,0
54,756,402,754,405,-2,3,3.606,0.0,0
55,754,405,754,407,0,2,2.0,0.0,0
56,754,407,754,409,0,2,2.0,0.0,0
57,754,409,754,411,0,2,2.0,0.0,0
58,754,411,753,412,-1,1,1.414,0.0,0
59,753,412,753,414,0,2,2.0,0.0,0
60,753,414,752,415,-1,1,1.414,0.0,0
61,752,415,751,418,-1,3,3.162,0.0,0
62,751,418,751,420,0,2,2.0,0.0,0
63,751,420,750,421,-1,1,1.414,0.0,0
64,750,421,749,422,-1,1,1.414,0.0,0
65,749,422,749,424,0,2,2.0,0.0,0
66,749,424,748,425,-1,1,1.414,0.0,0
67,748,425,748,426,0,1,1.0,0.0,0
68,748,426,748,427,0,1,1.0,0.0,0
69,748,427,749,428,1,1,1.414,0.0,0
70,749,428,751,432,2,4,4.472,0.0,0
71,751,432,753,436,2,4,4.472,0.0,0
72,753,436,754,437,1,1,1.414,0.0,0
73,754,437,756,441,2,4,4.472,0.0,0
74,756,441,758,443,2,2,2.828,0.0,0
75,758,443,760,445,2,2,2.828,0.0,0
76,760,445,761,449,1,4,4.123,0.0,0
77,761,449,762,451,1,2,2.236,0.0,0
78,762,451,762,452,0,1,1.0,0.0,0
79,762,452,764,454,2,2,2.828,0.0,0
80,764,454,764,455,0,1,1.0,0.0,0
81,764,455,764,457,0,2,2.0,0.0,0
82,764,457,765,458,1,1,1.414,0.001,1417.019
83,765,458,765,459,0,1,1.0,0.0,0
84,765,459,767,459,2,0,2.0,0.0,0
85,767,459,767,460,0,1,1.0,0.0,0
86,767,460,767,461,0,1,1.0,0.0,0
87,767,461,767,462,0,1,1.0,0.0,0
88,767,462,767,464,0,2,2.0,0.0,0
89,767,464,768,465,1,1,1.414,0.0,0
90,768,465,768,466,0,1,1.0,0.0,0
91,768,466,780,475,12,9,15.0,0.0,0
92,780,475,798,488,18,13,22.204,0.0,0
93,798,488,823,512,25,24,34.655,0.0,0
94,823,512,840,527,17,15,22.672,0.0,0
95,840,527,850,540,10,13,16.401,0.0,0
96,850,540,864,551,14,11,17.804,0.0,0
97,864,551,869,556,5,5,7.071,0.0,0
98,869,556,873,560,4,4,5.657,0.0,0
99,873,560,874,563,1,3,3.162,0.0,0
100,874,563,874,564,0,1,1.0,0.0,0
101,874,564,889,579,15,15,21.213,0.0,0
102,889,579,908,599,19,20,27.586,0.0,0
103,908,599,937,631,29,32,43.186,0.0,0
104,937,631,950,648,13,17,21.401,0.0,0
105,950,648,962,661,12,13,17.692,0.0,0
106,962,661,966,666,4,5,6.403,0.0,0
107,966,666,969,670,3,4,5.0,0.0,0
108,969,670,969,671,0,1,1.0,0.0,0
109,969,671,974,671,5,0,5.0,0.0,0
110,974,671,984,671,10,0,10.0,0.0,0
111,984,671,1002,680,18,9,20.125,0.0,0
112,1002,680,1027,700,25,20,32.016,0.0,0
113,1027,700,1038,714,11,14,17.804,0.0,0
114,1038,714,1048,728,10,14,17.205,0.0,0
115,1048,728,1050,734,2,6,6.325,0.0,0
116,1050,734,1052,741,2,7,7.28,0.0,0
117,1052,741,1053,743,1,2,2.236,0.0,0
118,1053,743,1054,748,1,5,5.099,0.0,0
119,1054,748,1056,753,2,5,5.385,0.0,0
120,1056,753,1058,757,2,4,4.472,0.0,0
121,1058,757,1060,764,2,7,7.28,0.0,0
122,1060,764,1061,765,1,1,1.414,0.0,0
123,1061,765,1063,770,2,5,5.385,0.0,0
124,1063,770,1063,771,0,1,1.0,0.0,0
125,1063,771,1064,772,1,1,1.414,0.0,0
126,1064,772,1065,774,1,2,2.236,0.0,0
127,1065,774,1065,775,0,1,1.0,0.0,0
128,1065,775,1066,777,1,2,2.236,0.0,0
129,1066,777,1066,779,0,2,2.0,0.0,0
130,1066,779,1066,780,0,1,1.0,0.0,0
131,1066,780,1067,783,1,3,3.162,0.0,0
132,1067,783,882,779,-185,-4,185.043,0.0,0
133,882,779,860,755,-22,-24,32.558,0.0,0
134,860,755,845,734,-15,-21,25.807,0.0,0
135,845,734,834,708,-11,-26,28.231,0.0,0
136,834,708,828,692,-6,-16,17.088,0.0,0
137,828,692,825,680,-3,-12,12.369,0.0,0
138,825,680,824,678,-1,-2,2.236,0.0,0
139,824,678,830,660,6,-18,18.974,0.0,0
140,830,660,839,642,9,-18,20.125,0.0,0
141,839,642,856,609,17,-33,37.121,0.0,0
142,856,609,866,591,10,-18,20.591,0.0,0
143,866,591,878,568,12,-23,25.942,0.0,0
144,878,568,882,562,4,-6,7.211,0.0,0
145,882,562,886,559,4,-3,5.0,0.0,0
146,886,559,888,556,2,-3,3.606,0.0,0
147,888,556,888,556,0,0,0.0,0.0,0
148,888,556,889,555,1,-1,1.414,0.0,0
149,889,555,890,555,1,0,1.0,0.0,0
150,890,555,890,554,0,-1,1.0,0.0,0
151,890,554,891,553,1,-1,1.414,0.0,0
152,891,553,892,552,1,-1,1.414,0.0,0
153,892,552,892,549,0,-3,3.0,0.0,0
154,892,549,893,548,1,-1,1.414,0.0,0
155,893,548,894,543,1,-5,5.099,0.0,0
156,894,543,894,541,0,-2,2.0,0.0,0
157,894,541,894,537,0,-4,4.0,0.0,0
158,894,537,893,534,-1,-3,3.162,0.001,3162.507
159,893,534,892,531,-1,-3,3.162,0.0,0
160,892,531,890,523,-2,-8,8.246,0.0,0
161,890,523,887,518,-3,-5,5.831,0.0,0
162,887,518,884,511,-3,-7,7.616,0.0,0
163,884,511,882,507,-2,-4,4.472,0.0,0
164,882,507,882,503,0,-4,4.0,0.0,0
165,882,503,879,493,-3,-10,10.44,0.0,0
166,879,493,878,490,-1,-3,3.162,0.0,0
167,878,490,876,484,-2,-6,6.325,0.0,0
168,876,484,876,484,0,0,0.0,0.0,0
169,876,484,875,482,-1,-2,2.236,0.0,0
170,875,482,875,481,0,-1,1.0,0.0,0
171,875,481,875,480,0,-1,1.0,0.0,0
172,875,480,874,479,-1,-1,1.414,0.0,0
173,874,479,874,478,0,-1,1.0,0.0,0
174,874,478,873,476,-1,-2,2.236,0.0,0
175,873,476,872,475,-1,-1,1.414,0.0,0
176,872,475,872,474,0,-1,1.0,0.0,0
1,340,122,469,205,129,83,153.395,0.0,0
2,469,205,471,206,2,1,2.236,0.0,0
3,471,206,623,270,152,64,164.924,0.0,0
4,623,270,639,279,16,9,18.358,0.0,0
5,639,279,662,292,23,13,26.42,0.0,0
6,662,292,674,297,12,5,13.0,0.0,0
7,674,297,704,313,30,16,34.0,0.0,0
8,704,313,712,316,8,3,8.544,0.0,0
9,712,316,715,317,3,1,3.162,0.0,0
10,715,317,716,318,1,1,1.414,0.0,0
11,716,318,718,318,2,0,2.0,0.0,0
12,718,318,719,318,1,0,1.0,0.0,0
13,719,318,720,318,1,0,1.0,0.0,0
14,720,318,721,318,1,0,1.0,0.0,0
15,721,318,722,318,1,0,1.0,0.0,0
16,722,318,724,318,2,0,2.0,0.0,0
17,724,318,730,320,6,2,6.325,0.0,0
18,730,320,735,323,5,3,5.831,0.0,0
19,735,323,739,325,4,2,4.472,0.0,0
20,739,325,746,330,7,5,8.602,0.0,0
21,746,330,751,335,5,5,7.071,0.0,0
22,751,335,756,341,5,6,7.81,0.0,0
23,756,341,758,344,2,3,3.606,0.0,0
24,758,344,759,346,1,2,2.236,0.0,0
25,759,346,760,348,1,2,2.236,0.0,0
26,760,348,760,351,0,3,3.0,0.0,0
27,760,351,761,353,1,2,2.236,0.0,0
28,761,353,761,355,0,2,2.0,0.0,0
29,761,355,762,356,1,1,1.414,0.0,0
30,762,356,762,357,0,1,1.0,0.0,0
31,762,357,763,360,1,3,3.162,0.0,0
32,763,360,764,362,1,2,2.236,0.0,0
33,764,362,764,364,0,2,2.0,0.001,1993.964
34,764,364,765,365,1,1,1.414,0.0,0
35,765,365,765,366,0,1,1.0,0.0,0
36,765,366,766,368,1,2,2.236,0.0,0
37,766,368,766,368,0,0,0.0,0.0,0
38,766,368,766,368,0,0,0.0,0.0,0
39,766,368,766,368,0,0,0.0,0.0,0
40,766,368,766,369,0,1,1.0,0.0,0
41,766,369,766,370,0,1,1.0,0.0,0
42,766,370,766,371,0,1,1.0,0.0,0
43,766,371,766,372,0,1,1.0,0.0,0
44,766,372,765,373,-1,1,1.414,0.0,0
45,765,373,763,376,-2,3,3.606,0.0,0
46,763,376,763,378,0,2,2.0,0.0,0
47,763,378,762,381,-1,3,3.162,0.0,0
48,762,381,761,385,-1,4,4.123,0.0,0
49,761,385,760,389,-1,4,4.123,0.0,0
50,760,389,758,392,-2,3,3.606,0.0,0
51,758,392,758,397,0,5,5.0,0.0,0
52,758,397,756,400,-2,3,3.606,0.0,0
53,756,400,756,402,0,2,2.0,0.0,0
54,756,402,754,405,-2,3,3.606,0.0,0
55,754,405,754,407,0,2,2.0,0.0,0
56,754,407,754,409,0,2,2.0,0.0,0
57,754,409,754,411,0,2,2.0,0.0,0
58,754,411,753,412,-1,1,1.414,0.0,0
59,753,412,753,414,0,2,2.0,0.0,0
60,753,414,752,415,-1,1,1.414,0.0,0
61,752,415,751,418,-1,3,3.162,0.0,0
62,751,418,751,420,0,2,2.0,0.0,0
63,751,420,750,421,-1,1,1.414,0.0,0
64,750,421,749,422,-1,1,1.414,0.0,0
65,749,422,749,424,0,2,2.0,0.0,0
66,749,424,748,425,-1,1,1.414,0.0,0
67,748,425,748,426,0,1,1.0,0.0,0
68,748,426,748,427,0,1,1.0,0.0,0
69,748,427,749,428,1,1,1.414,0.0,0
70,749,428,751,432,2,4,4.472,0.0,0
71,751,432,753,436,2,4,4.472,0.0,0
72,753,436,754,437,1,1,1.414,0.0,0
73,754,437,756,441,2,4,4.472,0.0,0
74,756,441,758,443,2,2,2.828,0.0,0
75,758,443,760,445,2,2,2.828,0.0,0
76,760,445,761,449,1,4,4.123,0.0,0
77,761,449,762,451,1,2,2.236,0.0,0
78,762,451,762,452,0,1,1.0,0.0,0
79,762,452,764,454,2,2,2.828,0.0,0
80,764,454,764,455,0,1,1.0,0.0,0
81,764,455,764,457,0,2,2.0,0.0,0
82,764,457,765,458,1,1,1.414,0.0,0
83,765,458,765,459,0,1,1.0,0.0,0
84,765,459,767,459,2,0,2.0,0.0,0
85,767,459,767,460,0,1,1.0,0.0,0
86,767,460,767,461,0,1,1.0,0.0,0
87,767,461,767,462,0,1,1.0,0.0,0
88,767,462,767,464,0,2,2.0,0.0,0
89,767,464,768,465,1,1,1.414,0.0,0
90,768,465,768,466,0,1,1.0,0.0,0
91,768,466,780,475,12,9,15.0,0.0,0
92,780,475,798,488,18,13,22.204,0.0,0
93,798,488,823,512,25,24,34.655,0.0,0
94,823,512,840,527,17,15,22.672,0.0,0
95,840,527,850,540,10,13,16.401,0.0,0
96,850,540,864,551,14,11,17.804,0.0,0
97,864,551,869,556,5,5,7.071,0.0,0
98,869,556,873,560,4,4,5.657,0.0,0
99,873,560,874,563,1,3,3.162,0.0,0
100,874,563,874,564,0,1,1.0,0.0,0
101,874,564,889,579,15,15,21.213,0.002,14040.496
102,889,579,908,599,19,20,27.586,0.0,0
103,908,599,937,631,29,32,43.186,0.0,0
104,937,631,950,648,13,17,21.401,0.0,0
105,950,648,962,661,12,13,17.692,0.0,0
106,962,661,966,666,4,5,6.403,0.0,0
107,966,666,969,670,3,4,5.0,0.0,0
108,969,670,969,671,0,1,1.0,0.0,0
109,969,671,974,671,5,0,5.0,0.0,0
110,974,671,984,671,10,0,10.0,0.0,0
111,984,671,1002,680,18,9,20.125,0.0,0
112,1002,680,1027,700,25,20,32.016,0.0,0
113,1027,700,1038,714,11,14,17.804,0.0,0
114,1038,714,1048,728,10,14,17.205,0.0,0
115,1048,728,1050,734,2,6,6.325,0.0,0
116,1050,734,1052,741,2,7,7.28,0.0,0
117,1052,741,1053,743,1,2,2.236,0.0,0
118,1053,743,1054,748,1,5,5.099,0.0,0
119,1054,748,1056,753,2,5,5.385,0.0,0
120,1056,753,1058,757,2,4,4.472,0.0,0
121,1058,757,1060,764,2,7,7.28,0.0,0
122,1060,764,1061,765,1,1,1.414,0.0,0
123,1061,765,1063,770,2,5,5.385,0.0,0
124,1063,770,1063,771,0,1,1.0,0.0,0
125,1063,771,1064,772,1,1,1.414,0.0,0
126,1064,772,1065,774,1,2,2.236,0.0,0
127,1065,774,1065,775,0,1,1.0,0.0,0
128,1065,775,1066,777,1,2,2.236,0.0,0
129,1066,777,1066,779,0,2,2.0,0.0,0
130,1066,779,1066,780,0,1,1.0,0.0,0
131,1066,780,1067,783,1,3,3.162,0.0,0
132,1067,783,882,779,-185,-4,185.043,0.0,0
133,882,779,860,755,-22,-24,32.558,0.0,0
134,860,755,845,734,-15,-21,25.807,0.0,0
135,845,734,834,708,-11,-26,28.231,0.0,0
136,834,708,828,692,-6,-16,17.088,0.0,0
137,828,692,825,680,-3,-12,12.369,0.0,0
138,825,680,824,678,-1,-2,2.236,0.0,0
139,824,678,830,660,6,-18,18.974,0.0,0
140,830,660,839,642,9,-18,20.125,0.0,0
141,839,642,856,609,17,-33,37.121,0.0,0
142,856,609,866,591,10,-18,20.591,0.0,0
143,866,591,878,568,12,-23,25.942,0.0,0
144,878,568,882,562,4,-6,7.211,0.001,7118.276
145,882,562,886,559,4,-3,5.0,0.0,0
146,886,559,888,556,2,-3,3.606,0.0,0
147,888,556,888,556,0,0,0.0,0.0,0
148,888,556,889,555,1,-1,1.414,0.0,0
149,889,555,890,555,1,0,1.0,0.0,0
150,890,555,890,554,0,-1,1.0,0.0,0
151,890,554,891,553,1,-1,1.414,0.0,0
152,891,553,892,552,1,-1,1.414,0.0,0
153,892,552,892,549,0,-3,3.0,0.0,0
154,892,549,893,548,1,-1,1.414,0.0,0
155,893,548,894,543,1,-5,5.099,0.0,0
156,894,543,894,541,0,-2,2.0,0.0,0
157,894,541,894,537,0,-4,4.0,0.0,0
158,894,537,893,534,-1,-3,3.162,0.0,0
159,893,534,892,531,-1,-3,3.162,0.0,0
160,892,531,890,523,-2,-8,8.246,0.0,0
161,890,523,887,518,-3,-5,5.831,0.0,0
162,887,518,884,511,-3,-7,7.616,0.0,0
163,884,511,882,507,-2,-4,4.472,0.0,0
164,882,507,882,503,0,-4,4.0,0.0,0
165,882,503,879,493,-3,-10,10.44,0.0,0
166,879,493,878,490,-1,-3,3.162,0.0,0
167,878,490,876,484,-2,-6,6.325,0.0,0
168,876,484,876,484,0,0,0.0,0.0,0
169,876,484,875,482,-1,-2,2.236,0.0,0
170,875,482,875,481,0,-1,1.0,0.0,0
171,875,481,875,480,0,-1,1.0,0.0,0
172,875,480,874,479,-1,-1,1.414,0.0,0
173,874,479,874,478,0,-1,1.0,0.0,0
174,874,478,873,476,-1,-2,2.236,0.0,0
175,873,476,872,475,-1,-1,1.414,0.0,0
176,872,475,872,474,0,-1,1.0,0.0,0
1,340,122,469,205,129,83,153.395,0.0,0
2,469,205,471,206,2,1,2.236,0.0,0
3,471,206,623,270,152,64,164.924,0.0,0
4,623,270,639,279,16,9,18.358,0.0,0
5,639,279,662,292,23,13,26.42,0.0,0
6,662,292,674,297,12,5,13.0,0.0,0
7,674,297,704,313,30,16,34.0,0.0,0
8,704,313,712,316,8,3,8.544,0.0,0
9,712,316,715,317,3,1,3.162,0.0,0
10,715,317,716,318,1,1,1.414,0.0,0
11,716,318,718,318,2,0,2.0,0.0,0
12,718,318,719,318,1,0,1.0,0.0,0
13,719,318,720,318,1,0,1.0,0.0,0
14,720,318,721,318,1,0,1.0,0.0,0
15,721,318,722,318,1,0,1.0,0.0,0
16,722,318,724,318,2,0,2.0,0.0,0
17,724,318,730,320,6,2,6.325,0.0,0
18,730,320,735,323,5,3,5.831,0.0,0
19,735,323,739,325,4,2,4.472,0.0,0
20,739,325,746,330,7,5,8.602,0.0,0
21,746,330,751,335,5,5,7.071,0.0,0
22,751,335,756,341,5,6,7.81,0.0,0
23,756,341,758,344,2,3,3.606,0.0,0
24,758,344,759,346,1,2,2.236,0.0,0
25,759,346,760,348,1,2,2.236,0.0,0
26,760,348,760,351,0,3,3.0,0.0,0
27,760,351,761,353,1,2,2.236,0.0,0
28,761,353,761,355,0,2,2.0,0.0,0
29,761,355,762,356,1,1,1.414,0.0,0
30,762,356,762,357,0,1,1.0,0.0,0
31,762,357,763,360,1,3,3.162,0.0,0
32,763,360,764,362,1,2,2.236,0.0,0
33,764,362,764,364,0,2,2.0,0.0,0
34,764,364,765,365,1,1,1.414,0.0,0
35,765,365,765,366,0,1,1.0,0.0,0
36,765,366,766,368,1,2,2.236,0.0,0
37,766,368,766,368,0,0,0.0,0.0,0
38,766,368,766,368,0,0,0.0,0.001,0.0
39,766,368,766,368,0,0,0.0,0.0,0
40,766,368,766,369,0,1,1.0,0.0,0
41,766,369,766,370,0,1,1.0,0.0,0
42,766,370,766,371,0,1,1.0,0.0,0
43,766,371,766,372,0,1,1.0,0.0,0
44,766,372,765,373,-1,1,1.414,0.0,0
45,765,373,763,376,-2,3,3.606,0.0,0
46,763,376,763,378,0,2,2.0,0.0,0
47,763,378,762,381,-1,3,3.162,0.0,0
48,762,381,761,385,-1,4,4.123,0.0,0
49,761,385,760,389,-1,4,4.123,0.0,0
50,760,389,758,392,-2,3,3.606,0.0,0
51,758,392,758,397,0,5,5.0,0.0,0
52,758,397,756,400,-2,3,3.606,0.0,0
53,756,400,756,402,0,2,2.0,0.0,0
54,756,402,754,405,-2,3,3.606,0.0,0
55,754,405,754,407,0,2,2.0,0.0,0
56,754,407,754,409,0,2,2.0,0.0,0
57,754,409,754,411,0,2,2.0,0.0,0
58,754,411,753,412,-1,1,1.414,0.0,0
59,753,412,753,414,0,2,2.0,0.0,0
60,753,414,752,415,-1,1,1.414,0.0,0
61,752,415,751,418,-1,3,3.162,0.0,0
62,751,418,751,420,0,2,2.0,0.0,0
63,751,420,750,421,-1,1,1.414,0.0,0
64,750,421,749,422,-1,1,1.414,0.0,0
65,749,422,749,424,0,2,2.0,0.0,0
66,749,424,748,425,-1,1,1.414,0.0,0
67,748,425,748,426,0,1,1.0,0.0,0
68,748,426,748,427,0,1,1.0,0.0,0
69,748,427,749,428,1,1,1.414,0.0,0
70,749,428,751,432,2,4,4.472,0.0,0
71,751,432,753,436,2,4,4.472,0.0,0
72,753,436,754,437,1,1,1.414,0.0,0
73,754,437,756,441,2,4,4.472,0.0,0
74,756,441,758,443,2,2,2.828,0.0,0
75,758,443,760,445,2,2,2.828,0.0,0
76,760,445,761,449,1,4,4.123,0.0,0
77,761,449,762,451,1,2,2.236,0.0,0
78,762,451,762,452,0,1,1.0,0.0,0
79,762,452,764,454,2,2,2.828,0.0,0
80,764,454,764,455,0,1,1.0,0.0,0
81,764,455,764,457,0,2,2.0,0.0,0
82,764,457,765,458,1,1,1.414,0.0,0
83,765,458,765,459,0,1,1.0,0.0,0
84,765,459,767,459,2,0,2.0,0.0,0
85,767,459,767,460,0,1,1.0,0.0,0
86,767,460,767,461,0,1,1.0,0.0,0
87,767,461,767,462,0,1,1.0,0.0,0
88,767,462,767,464,0,2,2.0,0.0,0
89,767,464,768,465,1,1,1.414,0.0,0
90,768,465,768,466,0,1,1.0,0.0,0
91,768,466,780,475,12,9,15.0,0.0,0
92,780,475,798,488,18,13,22.204,0.0,0
93,798,488,823,512,25,24,34.655,0.0,0
94,823,512,840,527,17,15,22.672,0.0,0
95,840,527,850,540,10,13,16.401,0.0,0
96,850,540,864,551,14,11,17.804,0.0,0
97,864,551,869,556,5,5,7.071,0.0,0
98,869,556,873,560,4,4,5.657,0.0,0
99,873,560,874,563,1,3,3.162,0.0,0
100,874,563,874,564,0,1,1.0,0.0,0
101,874,564,889,579,15,15,21.213,0.0,0
102,889,579,908,599,19,20,27.586,0.0,0
103,908,599,937,631,29,32,43.186,0.0,0
104,937,631,950,648,13,17,21.401,0.0,0
105,950,648,962,661,12,13,17.692,0.0,0
106,962,661,966,666,4,5,6.403,0.0,0
107,966,666,969,670,3,4,5.0,0.0,0
108,969,670,969,671,0,1,1.0,0.0,0
109,969,671,974,671,5,0,5.0,0.0,0
110,974,671,984,671,10,0,10.0,0.001,9988.816
111,984,671,1002,680,18,9,20.125,0.0,0
112,1002,680,1027,700,25,20,32.016,0.0,0
113,1027,700,1038,714,11,14,17.804,0.0,0
114,1038,714,1048,728,10,14,17.205,0.0,0
115,1048,728,1050,734,2,6,6.325,0.0,0
116,1050,734,1052,741,2,7,7.28,0.0,0
117,1052,741,1053,743,1,2,2.236,0.0,0
118,1053,743,1054,748,1,5,5.099,0.0,0
119,1054,748,1056,753,2,5,5.385,0.0,0
120,1056,753,1058,757,2,4,4.472,0.0,0
121,1058,757,1060,764,2,7,7.28,0.0,0
122,1060,764,1061,765,1,1,1.414,0.0,0
123,1061,765,1063,770,2,5,5.385,0.0,0
124,1063,770,1063,771,0,1,1.0,0.0,0
125,1063,771,1064,772,1,1,1.414,0.0,0
126,1064,772,1065,774,1,2,2.236,0.0,0
127,1065,774,1065,775,0,1,1.0,0.0,0
128,1065,775,1066,777,1,2,2.236,0.0,0
129,1066,777,1066,779,0,2,2.0,0.0,0
130,1066,779,1066,780,0,1,1.0,0.0,0
131,1066,780,1067,783,1,3,3.162,0.0,0
132,1067,783,882,779,-185,-4,185.043,0.0,0
133,882,779,860,755,-22,-24,32.558,0.0,0
134,860,755,845,734,-15,-21,25.807,0.0,0
135,845,734,834,708,-11,-26,28.231,0.0,0
136,834,708,828,692,-6,-16,17.088,0.0,0
137,828,692,825,680,-3,-12,12.369,0.0,0
138,825,680,824,678,-1,-2,2.236,0.0,0
139,824,678,830,660,6,-18,18.974,0.0,0
140,830,660,839,642,9,-18,20.125,0.0,0
141,839,642,856,609,17,-33,37.121,0.0,0
142,856,609,866,591,10,-18,20.591,0.0,0
143,866,591,878,568,12,-23,25.942,0.0,0
144,878,568,882,562,4,-6,7.211,0.0,0
145,882,562,886,559,4,-3,5.0,0.0,0
146,886,559,888,556,2,-3,3.606,0.0,0
147,888,556,888,556,0,0,0.0,0.0,0
148,888,556,889,555,1,-1,1.414,0.0,0
149,889,555,890,555,1,0,1.0,0.0,0
150,890,555,890,554,0,-1,1.0,0.0,0
151,890,554,891,553,1,-1,1.414,0.0,0
152,891,553,892,552,1,-1,1.414,0.0,0
153,892,552,892,549,0,-3,3.0,0.0,0
154,892,549,893,548,1,-1,1.414,0.0,0
155,893,548,894,543,1,-5,5.099,0.0,0
156,894,543,894,541,0,-2,2.0,0.0,0
157,894,541,894,537,0,-4,4.0,0.0,0
158,894,537,893,534,-1,-3,3.162,0.0,0
159,893,534,892,531,-1,-3,3.162,0.0,0
160,892,531,890,523,-2,-8,8.246,0.0,0
161,890,523,887,518,-3,-5,5.831,0.0,0
162,887,518,884,511,-3,-7,7.616,0.0,0
163,884,511,882,507,-2,-4,4.472,0.0,0
164,882,507,882,503,0,-4,4.0,0.0,0
165,882,503,879,493,-3,-10,10.44,0.0,0
166,879,493,878,490,-1,-3,3.162,0.0,0
167,878,490,876,484,-2,-6,6.325,0.0,0
168,876,484,876,484,0,0,0.0,0.0,0
169,876,484,875,482,-1,-2,2.236,0.0,0
170,875,482,875,481,0,-1,1.0,0.0,0
171,875,481,875,480,0,-1,1.0,0.0,0
172,875,480,874,479,-1,-1,1.414,0.0,0
173,874,479,874,478,0,-1,1.0,0.0,0
174,874,478,873,476,-1,-2,2.236,0.0,0
175,873,476,872,475,-1,-1,1.414,0.0,0
176,872,475,872,474,0,-1,1.0,0.0,0
1,340,122,469,205,129,83,153.395,0.0,0
2,469,205,471,206,2,1,2.236,0.0,0
3,471,206,623,270,152,64,164.924,0.0,0
4,623,270,639,279,16,9,18.358,0.0,0
5,639,279,662,292,23,13,26.42,0.0,0
6,662,292,674,297,12,5,13.0,0.0,0
7,674,297,704,313,30,16,34.0,0.0,0
8,704,313,712,316,8,3,8.544,0.0,0
9,712,316,715,317,3,1,3.162,0.0,0
10,715,317,716,318,1,1,1.414,0.0,0
11,716,318,718,318,2,0,2.0,0.0,0
12,718,318,719,318,1,0,1.0,0.0,0
13,719,318,720,318,1,0,1.0,0.0,0
14,720,318,721,318,1,0,1.0,0.0,0
15,721,318,722,318,1,0,1.0,0.0,0
16,722,318,724,318,2,0,2.0,0.0,0
17,724,318,730,320,6,2,6.325,0.0,0
18,730,320,735,323,5,3,5.831,0.0,0
19,735,323,739,325,4,2,4.472,0.0,0
20,739,325,746,330,7,5,8.602,0.0,0
21,746,330,751,335,5,5,7.071,0.0,0
22,751,335,756,341,5,6,7.81,0.0,0
23,756,341,758,344,2,3,3.606,0.0,0
24,758,344,759,346,1,2,2.236,0.0,0
25,759,346,760,348,1,2,2.236,0.0,0
26,760,348,760,351,0,3,3.0,0.0,0
27,760,351,761,353,1,2,2.236,0.0,0
28,761,353,761,355,0,2,2.0,0.0,0
29,761,355,762,356,1,1,1.414,0.0,0
30,762,356,762,357,0,1,1.0,0.0,0
31,762,357,763,360,1,3,3.162,0.0,0
32,763,360,764,362,1,2,2.236,0.0,0
33,764,362,764,364,0,2,2.0,0.0,0
34,764,364,765,365,1,1,1.414,0.0,0
35,765,365,765,366,0,1,1.0,0.0,0
36,765,366,766,368,1,2,2.236,0.0,0
37,766,368,766,368,0,0,0.0,0.0,0
38,766,368,766,368,0,0,0.0,0.0,0
39,766,368,766,368,0,0,0.0,0.0,0
40,766,368,766,369,0,1,1.0,0.0,0
41,766,369,766,370,0,1,1.0,0.0,0
42,766,370,766,371,0,1,1.0,0.0,0
43,766,371,766,372,0,1,1.0,0.0,0
44,766,372,765,373,-1,1,1.414,0.0,0
45,765,373,763,376,-2,3,3.606,0.0,0
46,763,376,763,378,0,2,2.0,0.0,0
47,763,378,762,381,-1,3,3.162,0.0,0
48,762,381,761,385,-1,4,4.123,0.0,0
49,761,385,760,389,-1,4,4.123,0.0,0
50,760,389,758,392,-2,3,3.606,0.0,0
51,758,392,758,397,0,5,5.0,0.0,0
52,758,397,756,400,-2,3,3.606,0.0,0
53,756,400,756,402,0,2,2.0,0.0,0
54,756,402,754,405,-2,3,3.606,0.0,0
55,754,405,754,407,0,2,2.0,0.001,2002.054
56,754,407,754,409,0,2,2.0,0.0,0
57,754,409,754,411,0,2,2.0,0.0,0
58,754,411,753,412,-1,1,1.414,0.0,0
59,753,412,753,414,0,2,2.0,0.0,0
60,753,414,752,415,-1,1,1.414,0.0,0
61,752,415,751,418,-1,3,3.162,0.0,0
62,751,418,751,420,0,2,2.0,0.0,0
63,751,420,750,421,-1,1,1.414,0.0,0
64,750,421,749,422,-1,1,1.414,0.0,0
65,749,422,749,424,0,2,2.0,0.0,0
66,749,424,748,425,-1,1,1.414,0.0,0
67,748,425,748,426,0,1,1.0,0.0,0
68,748,426,748,427,0,1,1.0,0.0,0
69,748,427,749,428,1,1,1.414,0.0,0
70,749,428,751,432,2,4,4.472,0.0,0
71,751,432,753,436,2,4,4.472,0.0,0
72,753,436,754,437,1,1,1.414,0.0,0
73,754,437,756,441,2,4,4.472,0.0,0
74,756,441,758,443,2,2,2.828,0.0,0
75,758,443,760,445,2,2,2.828,0.0,0
76,760,445,761,449,1,4,4.123,0.001,4114.575
77,761,449,762,451,1,2,2.236,0.0,0
78,762,451,762,452,0,1,1.0,0.0,0
79,762,452,764,454,2,2,2.828,0.0,0
80,764,454,764,455,0,1,1.0,0.0,0
81,764,455,764,457,0,2,2.0,0.0,0
82,764,457,765,458,1,1,1.414,0.0,0
83,765,458,765,459,0,1,1.0,0.0,0
84,765,459,767,459,2,0,2.0,0.0,0
85,767,459,767,460,0,1,1.0,0.0,0
86,767,460,767,461,0,1,1.0,0.0,0
87,767,461,767,462,0,1,1.0,0.0,0
88,767,462,767,464,0,2,2.0,0.0,0
89,767,464,768,465,1,1,1.414,0.0,0
90,768,465,768,466,0,1,1.0,0.0,0
91,768,466,780,475,12,9,15.0,0.0,0
92,780,475,798,488,18,13,22.204,0.0,0
93,798,488,823,512,25,24,34.655,0.0,0
94,823,512,840,527,17,15,22.672,0.0,0
95,840,527,850,540,10,13,16.401,0.0,0
96,850,540,864,551,14,11,17.804,0.0,0
97,864,551,869,556,5,5,7.071,0.0,0
98,869,556,873,560,4,4,5.657,0.0,0
99,873,560,874,563,1,3,3.162,0.0,0
100,874,563,874,564,0,1,1.0,0.0,0
101,874,564,889,579,15,15,21.213,0.0,0
102,889,579,908,599,19,20,27.586,0.0,0
103,908,599,937,631,29,32,43.186,0.001,42932.858
104,937,631,950,648,13,17,21.401,0.0,0
105,950,648,962,661,12,13,17.692,0.0,0
106,962,661,966,666,4,5,6.403,0.0,0
107,966,666,969,670,3,4,5.0,0.0,0
108,969,670,969,671,0,1,1.0,0.0,0
109,969,671,974,671,5,0,5.0,0.0,0
110,974,671,984,671,10,0,10.0,0.0,0
111,984,671,1002,680,18,9,20.125,0.0,0
112,1002,680,1027,700,25,20,32.016,0.0,0
113,1027,700,1038,714,11,14,17.804,0.0,0
114,1038,714,1048,728,10,14,17.205,0.0,0
115,1048,728,1050,734,2,6,6.325,0.0,0
116,1050,734,1052,741,2,7,7.28,0.0,0
117,1052,741,1053,743,1,2,2.236,0.0,0
118,1053,743,1054,748,1,5,5.099,0.0,0
119,1054,748,1056,753,2,5,5.385,0.0,0
120,1056,753,1058,757,2,4,4.472,0.0,0
121,1058,757,1060,764,2,7,7.28,0.0,0
122,1060,764,1061,765,1,1,1.414,0.0,0
123,1061,765,1063,770,2,5,5.385,0.0,0
124,1063,770,1063,771,0,1,1.0,0.0,0
125,1063,771,1064,772,1,1,1.414,0.0,0
126,1064,772,1065,774,1,2,2.236,0.0,0
127,1065,774,1065,775,0,1,1.0,0.0,0
128,1065,775,1066,777,1,2,2.236,0.0,0
129,1066,777,1066,779,0,2,2.0,0.0,0
130,1066,779,1066,780,0,1,1.0,0.0,0
131,1066,780,1067,783,1,3,3.162,0.0,0
132,1067,783,882,779,-185,-4,185.043,0.0,0
133,882,779,860,755,-22,-24,32.558,0.001,32786.709
134,860,755,845,734,-15,-21,25.807,0.0,0
135,845,734,834,708,-11,-26,28.231,0.0,0
136,834,708,828,692,-6,-16,17.088,0.0,0
137,828,692,825,680,-3,-12,12.369,0.0,0
138,825,680,824,678,-1,-2,2.236,0.0,0
139,824,678,830,660,6,-18,18.974,0.0,0
140,830,660,839,642,9,-18,20.125,0.0,0
141,839,642,856,609,17,-33,37.121,0.0,0
142,856,609,866,591,10,-18,20.591,0.0,0
143,866,591,878,568,12,-23,25.942,0.0,0
144,878,568,882,562,4,-6,7.211,0.0,0
145,882,562,886,559,4,-3,5.0,0.0,0
146,886,559,888,556,2,-3,3.606,0.0,0
147,888,556,888,556,0,0,0.0,0.0,0
148,888,556,889,555,1,-1,1.414,0.0,0
149,889,555,890,555,1,0,1.0,0.0,0
150,890,555,890,554,0,-1,1.0,0.0,0
151,890,554,891,553,1,-1,1.414,0.0,0
152,891,553,892,552,1,-1,1.414,0.0,0
153,892,552,892,549,0,-3,3.0,0.0,0
154,892,549,893,548,1,-1,1.414,0.0,0
155,893,548,894,543,1,-5,5.099,0.0,0
156,894,543,894,541,0,-2,2.0,0.0,0
157,894,541,894,537,0,-4,4.0,0.0,0
158,894,537,893,534,-1,-3,3.162,0.0,0
159,893,534,892,531,-1,-3,3.162,0.0,0
160,892,531,890,523,-2,-8,8.246,0.0,0
161,890,523,887,518,-3,-5,5.831,0.0,0
162,887,518,884,511,-3,-7,7.616,0.0,0
163,884,511,882,507,-2,-4,4.472,0.0,0
164,882,507,882,503,0,-4,4.0,0.0,0
165,882,503,879,493,-3,-10,10.44,0.0,0
166,879,493,878,490,-1,-3,3.162,0.0,0
167,878,490,876,484,-2,-6,6.325,0.0,0
168,876,484,876,484,0,0,0.0,0.0,0
169,876,484,875,482,-1,-2,2.236,0.0,0
170,875,482,875,481,0,-1,1.0,0.0,0
171,875,481,875,480,0,-1,1.0,0.0,0
172,875,480,874,479,-1,-1,1.414,0.0,0
173,874,479,874,478,0,-1,1.0,0.0,0
174,874,478,873,476,-1,-2,2.236,0.0,0
175,873,476,872,475,-1,-1,1.414,0.0,0
176,872,475,872,474,0,-1,1.0,0.0,0
1,340,122,469,205,129,83,153.395,0.0,0
2,469,205,471,206,2,1,2.236,0.0,0
3,471,206,623,270,152,64,164.924,0.0,0
4,623,270,639,279,16,9,18.358,0.0,0
5,639,279,662,292,23,13,26.42,0.0,0
6,662,292,674,297,12,5,13.0,0.0,0
7,674,297,704,313,30,16,34.0,0.0,0
8,704,313,712,316,8,3,8.544,0.0,0
9,712,316,715,317,3,1,3.162,0.0,0
10,715,317,716,318,1,1,1.414,0.0,0
11,716,318,718,318,2,0,2.0,0.0,0
12,718,318,719,318,1,0,1.0,0.0,0
13,719,318,720,318,1,0,1.0,0.0,0
14,720,318,721,318,1,0,1.0,0.0,0
15,721,318,722,318,1,0,1.0,0.0,0
16,722,318,724,318,2,0,2.0,0.0,0
17,724,318,730,320,6,2,6.325,0.0,0
18,730,320,735,323,5,3,5.831,0.0,0
19,735,323,739,325,4,2,4.472,0.0,0
20,739,325,746,330,7,5,8.602,0.0,0
21,746,330,751,335,5,5,7.071,0.0,0
22,751,335,756,341,5,6,7.81,0.0,0
23,756,341,758,344,2,3,3.606,0.0,0
24,758,344,759,346,1,2,2.236,0.0,0
25,759,346,760,348,1,2,2.236,0.0,0
26,760,348,760,351,0,3,3.0,0.0,0
27,760,351,761,353,1,2,2.236,0.0,0
28,761,353,761,355,0,2,2.0,0.0,0
29,761,355,762,356,1,1,1.414,0.0,0
30,762,356,762,357,0,1,1.0,0.0,0
31,762,357,763,360,1,3,3.162,0.0,0
32,763,360,764,362,1,2,2.236,0.0,0
33,764,362,764,364,0,2,2.0,0.0,0
34,764,364,765,365,1,1,1.414,0.0,0
35,765,365,765,366,0,1,1.0,0.0,0
36,765,366,766,368,1,2,2.236,0.0,0
37,766,368,766,368,0,0,0.0,0.0,0
38,766,368,766,368,0,0,0.0,0.0,0
39,766,368,766,368,0,0,0.0,0.0,0
40,766,368,766,369,0,1,1.0,0.0,0
41,766,369,766,370,0,1,1.0,0.0,0
42,766,370,766,371,0,1,1.0,0.0,0
43,766,371,766,372,0,1,1.0,0.0,0
44,766,372,765,373,-1,1,1.414,0.0,0
45,765,373,763,376,-2,3,3.606,0.0,0
46,763,376,763,378,0,2,2.0,0.0,0
47,763,378,762,381,-1,3,3.162,0.0,0
48,762,381,761,385,-1,4,4.123,0.0,0
49,761,385,760,389,-1,4,4.123,0.0,0
50,760,389,758,392,-2,3,3.606,0.0,0
51,758,392,758,397,0,5,5.0,0.0,0
52,758,397,756,400,-2,3,3.606,0.0,0
53,756,400,756,402,0,2,2.0,0.0,0
54,756,402,754,405,-2,3,3.606,0.0,0
55,754,405,754,407,0,2,2.0,0.0,0
56,754,407,754,409,0,2,2.0,0.0,0
57,754,409,754,411,0,2,2.0,0.0,0
58,754,411,753,412,-1,1,1.414,0.0,0
59,753,412,753,414,0,2,2.0,0.0,0
60,753,414,752,415,-1,1,1.414,0.0,0
61,752,415,751,418,-1,3,3.162,0.001,3155.735
62,751,418,751,420,0,2,2.0,0.0,0
63,751,420,750,421,-1,1,1.414,0.0,0
64,750,421,749,422,-1,1,1.414,0.0,0
65,749,422,749,424,0,2,2.0,0.0,0
66,749,424,748,425,-1,1,1.414,0.0,0
67,748,425,748,426,0,1,1.0,0.0,0
68,748,426,748,427,0,1,1.0,0.0,0
69,748,427,749,428,1,1,1.414,0.0,0
70,749,428,751,432,2,4,4.472,0.0,0
71,751,432,753,436,2,4,4.472,0.0,0
72,753,436,754,437,1,1,1.414,0.0,0
73,754,437,756,441,2,4,4.472,0.0,0
74,756,441,758,443,2,2,2.828,0.0,0
75,758,443,760,445,2,2,2.828,0.0,0
76,760,445,761,449,1,4,4.123,0.0,0
77,761,449,762,451,1,2,2.236,0.0,0
78,762,451,762,452,0,1,1.0,0.0,0
79,762,452,764,454,2,2,2.828,0.0,0
80,764,454,764,455,0,1,1.0,0.0,0
81,764,455,764,457,0,2,2.0,0.0,0
82,764,457,765,458,1,1,1.414,0.0,0
83,765,458,765,459,0,1,1.0,0.0,0
84,765,459,767,459,2,0,2.0,0.0,0
85,767,459,767,460,0,1,1.0,0.0,0
86,767,460,767,461,0,1,1.0,0.0,0
87,767,461,767,462,0,1,1.0,0.0,0
88,767,462,767,464,0,2,2.0,0.0,0
89,767,464,768,465,1,1,1.414,0.0,0
90,768,465,768,466,0,1,1.0,0.0,0
91,768,466,780,475,12,9,15.0,0.0,0
92,780,475,798,488,18,13,22.204,0.0,0
93,798,488,823,512,25,24,34.655,0.0,0
94,823,512,840,527,17,15,22.672,0.0,0
95,840,527,850,540,10,13,16.401,0.0,0
96,850,540,864,551,14,11,17.804,0.0,0
97,864,551,869,556,5,5,7.071,0.0,0
98,869,556,873,560,4,4,5.657,0.0,0
99,873,560,874,563,1,3,3.162,0.0,0
100,874,563,874,564,0,1,1.0,0.0,0
101,874,564,889,579,15,15,21.213,0.0,0
102,889,579,908,599,19,20,27.586,0.0,0
103,908,599,937,631,29,32,43.186,0.0,0
104,937,631,950,648,13,17,21.401,0.0,0
105,950,648,962,661,12,13,17.692,0.0,0
106,962,661,966,666,4,5,6.403,0.0,0
107,966,666,969,670,3,4,5.0,0.0,0
108,969,670,969,671,0,1,1.0,0.0,0
109,969,671,974,671,5,0,5.0,0.0,0
110,974,671,984,671,10,0,10.0,0.0,0
111,984,671,1002,680,18,9,20.125,0.0,0
112,1002,680,1027,700,25,20,32.016,0.0,0
113,1027,700,1038,714,11,14,17.804,0.0,0
114,1038,714,1048,728,10,14,17.205,0.0,0
115,1048,728,1050,734,2,6,6.325,0.0,0
116,1050,734,1052,741,2,7,7.28,0.0,0
117,1052,741,1053,743,1,2,2.236,0.0,0
118,1053,743,1054,748,1,5,5.099,0.0,0
119,1054,748,1056,753,2,5,5.385,0.0,0
120,1056,753,1058,757,2,4,4.472,0.0,0
121,1058,757,1060,764,2,7,7.28,0.0,0
122,1060,764,1061,765,1,1,1.414,0.0,0
123,1061,765,1063,770,2,5,5.385,0.0,0
124,1063,770,1063,771,0,1,1.0,0.0,0
125,1063,771,1064,772,1,1,1.414,0.0,0
126,1064,772,1065,774,1,2,2.236,0.0,0
127,1065,774,1065,775,0,1,1.0,0.0,0
128,1065,775,1066,777,1,2,2.236,0.0,0
129,1066,777,1066,779,0,2,2.0,0.0,0
130,1066,779,1066,780,0,1,1.0,0.0,0
131,1066,780,1067,783,1,3,3.162,0.0,0
132,1067,783,882,779,-185,-4,185.043,0.0,0
133,882,779,860,755,-22,-24,32.558,0.0,0
134,860,755,845,734,-15,-21,25.807,0.0,0
135,845,734,834,708,-11,-26,28.231,0.0,0
136,834,708,828,692,-6,-16,17.088,0.0,0
137,828,692,825,680,-3,-12,12.369,0.0,0
138,825,680,824,678,-1,-2,2.236,0.001,2240.504
139,824,678,830,660,6,-18,18.974,0.0,0
140,830,660,839,642,9,-18,20.125,0.0,0
141,839,642,856,609,17,-33,37.121,0.0,0
142,856,609,866,591,10,-18,20.591,0.0,0
143,866,591,878,568,12,-23,25.942,0.0,0
144,878,568,882,562,4,-6,7.211,0.0,0
145,882,562,886,559,4,-3,5.0,0.0,0
146,886,559,888,556,2,-3,3.606,0.0,0
147,888,556,888,556,0,0,0.0,0.0,0
148,888,556,889,555,1,-1,1.414,0.0,0
149,889,555,890,555,1,0,1.0,0.0,0
150,890,555,890,554,0,-1,1.0,0.0,0
151,890,554,891,553,1,-1,1.414,0.0,0
152,891,553,892,552,1,-1,1.414,0.0,0
153,892,552,892,549,0,-3,3.0,0.0,0
154,892,549,893,548,1,-1,1.414,0.0,0
155,893,548,894,543,1,-5,5.099,0.0,0
156,894,543,894,541,0,-2,2.0,0.0,0
157,894,541,894,537,0,-4,4.0,0.0,0
158,894,537,893,534,-1,-3,3.162,0.0,0
159,893,534,892,531,-1,-3,3.162,0.0,0
160,892,531,890,523,-2,-8,8.246,0.0,0
161,890,523,887,518,-3,-5,5.831,0.0,0
162,887,518,884,511,-3,-7,7.616,0.0,0
163,884,511,882,507,-2,-4,4.472,0.0,0
164,882,507,882,503,0,-4,4.0,0.0,0
165,882,503,879,493,-3,-10,10.44,0.0,0
166,879,493,878,490,-1,-3,3.162,0.0,0
167,878,490,876,484,-2,-6,6.325,0.0,0
168,876,484,876,484,0,0,0.0,0.0,0
169,876,484,875,482,-1,-2,2.236,0.0,0
170,875,482,875,481,0,-1,1.0,0.0,0
171,875,481,875,480,0,-1,1.0,0.0,0
172,875,480,874,479,-1,-1,1.414,0.0,0
173,874,479,874,478,0,-1,1.0,0.0,0
174,874,478,873,476,-1,-2,2.236,0.0,0
175,873,476,872,475,-1,-1,1.414,0.0,0
176,872,475,872,474,0,-1,1.0,0.0,0
1,340,122,469,205,129,83,153.395,0.0,0
2,469,205,471,206,2,1,2.236,0.0,0
3,471,206,623,270,152,64,164.924,0.0,0
4,623,270,639,279,16,9,18.358,0.0,0
5,639,279,662,292,23,13,26.42,0.0,0
6,662,292,674,297,12,5,13.0,0.0,0
7,674,297,704,313,30,16,34.0,0.0,0
8,704,313,712,316,8,3,8.544,0.0,0
9,712,316,715,317,3,1,3.162,0.0,0
10,715,317,716,318,1,1,1.414,0.0,0
11,716,318,718,318,2,0,2.0,0.0,0
12,718,318,719,318,1,0,1.0,0.0,0
13,719,318,720,318,1,0,1.0,0.0,0
14,720,318,721,318,1,0,1.0,0.0,0
15,721,318,722,318,1,0,1.0,0.0,0
16,722,318,724,318,2,0,2.0,0.0,0
17,724,318,730,320,6,2,6.325,0.0,0
18,730,320,735,323,5,3,5.831,0.0,0
19,735,323,739,325,4,2,4.472,0.0,0
20,739,325,746,330,7,5,8.602,0.001,8609.107
21,746,330,751,335,5,5,7.071,0.0,0
22,751,335,756,341,5,6,7.81,0.0,0
23,756,341,758,344,2,3,3.606,0.0,0
24,758,344,759,346,1,2,2.236,0.0,0
25,759,346,760,348,1,2,2.236,0.0,0
26,760,348,760,351,0,3,3.0,0.0,0
27,760,351,761,353,1,2,2.236,0.0,0
28,761,353,761,355,0,2,2.0,0.0,0
29,761,355,762,356,1,1,1.414,0.0,0
30,762,356,762,357,0,1,1.0,0.0,0
31,762,357,763,360,1,3,3.162,0.0,0
32,763,360,764,362,1,2,2.236,0.0,0
33,764,362,764,364,0,2,2.0,0.0,0
34,764,364,765,365,1,1,1.414,0.0,0
35,765,365,765,366,0,1,1.0,0.0,0
36,765,366,766,368,1,2,2.236,0.0,0
37,766,368,766,368,0,0,0.0,0.0,0
38,766,368,766,368,0,0,0.0,0.0,0
39,766,368,766,368,0,0,0.0,0.0,0
40,766,368,766,369,0,1,1.0,0.0,0
41,766,369,766,370,0,1,1.0,0.0,0
42,766,370,766,371,0,1,1.0,0.0,0
43,766,371,766,372,0,1,1.0,0.0,0
44,766,372,765,373,-1,1,1.414,0.0,0
45,765,373,763,376,-2,3,3.606,0.0,0
46,763,376,763,378,0,2,2.0,0.0,0
47,763,378,762,381,-1,3,3.162,0.0,0
48,762,381,761,385,-1,4,4.123,0.0,0
49,761,385,760,389,-1,4,4.123,0.0,0
50,760,389,758,392,-2,3,3.606,0.0,0
51,758,392,758,397,0,5,5.0,0.0,0
52,758,397,756,400,-2,3,3.606,0.0,0
53,756,400,756,402,0,2,2.0,0.0,0
54,756,402,754,405,-2,3,3.606,0.0,0
55,754,405,754,407,0,2,2.0,0.0,0
56,754,407,754,409,0,2,2.0,0.0,0
57,754,409,754,411,0,2,2.0,0.0,0
58,754,411,753,412,-1,1,1.414,0.0,0
59,753,412,753,414,0,2,2.0,0.0,0
60,753,414,752,415,-1,1,1.414,0.0,0
61,752,415,751,418,-1,3,3.162,0.0,0
62,751,418,751,420,0,2,2.0,0.0,0
63,751,420,750,421,-1,1,1.414,0.0,0
64,750,421,749,422,-1,1,1.414,0.0,0
65,749,422,749,424,0,2,2.0,0.001,2014.072
66,749,424,748,425,-1,1,1.414,0.0,0
67,748,425,748,426,0,1,1.0,0.0,0
68,748,426,748,427,0,1,1.0,0.0,0
69,748,427,749,428,1,1,1.414,0.0,0
70,749,428,751,432,2,4,4.472,0.0,0
71,751,432,753,436,2,4,4.472,0.0,0
72,753,436,754,437,1,1,1.414,0.0,0
73,754,437,756,441,2,4,4.472,0.0,0
74,756,441,758,443,2,2,2.828,0.0,0
75,758,443,760,445,2,2,2.828,0.0,0
76,760,445,761,449,1,4,4.123,0.0,0
77,761,449,762,451,1,2,2.236,0.0,0
78,762,451,762,452,0,1,1.0,0.0,0
79,762,452,764,454,2,2,2.828,0.0,0
80,764,454,764,455,0,1,1.0,0.0,0
81,764,455,764,457,0,2,2.0,0.0,0
82,764,457,765,458,1,1,1.414,0.001,1398.972
83,765,458,765,459,0,1,1.0,0.0,0
84,765,459,767,459,2,0,2.0,0.0,0
85,767,459,767,460,0,1,1.0,0.0,0
86,767,460,767,461,0,1,1.0,0.0,0
87,767,461,767,462,0,1,1.0,0.0,0
88,767,462,767,464,0,2,2.0,0.0,0
89,767,464,768,465,1,1,1.414,0.0,0
90,768,465,768,466,0,1,1.0,0.0,0
91,768,466,780,475,12,9,15.0,0.0,0
92,780,475,798,488,18,13,22.204,0.0,0
93,798,488,823,512,25,24,34.655,0.0,0
94,823,512,840,527,17,15,22.672,0.0,0
95,840,527,850,540,10,13,16.401,0.0,0
96,850,540,864,551,14,11,17.804,0.0,0
97,864,551,869,556,5,5,7.071,0.0,0
98,869,556,873,560,4,4,5.657,0.0,0
99,873,560,874,563,1,3,3.162,0.0,0
100,874,563,874,564,0,1,1.0,0.0,0
101,874,564,889,579,15,15,21.213,0.0,0
102,889,579,908,599,19,20,27.586,0.0,0
103,908,599,937,631,29,32,43.186,0.0,0
104,937,631,950,648,13,17,21.401,0.0,0
105,950,648,962,661,12,13,17.692,0.0,0
106,962,661,966,666,4,5,6.403,0.0,0
107,966,666,969,670,3,4,5.0,0.0,0
108,969,670,969,671,0,1,1.0,0.0,0
109,969,671,974,671,5,0,5.0,0.0,0
110,974,671,984,671,10,0,10.0,0.0,0
111,984,671,1002,680,18,9,20.125,0.0,0
112,1002,680,1027,700,25,20,32.016,0.0,0
113,1027,700,1038,714,11,14,17.804,0.0,0
114,1038,714,1048,728,10,14,17.205,0.001,17019.23
115,1048,728,1050,734,2,6,6.325,0.0,0
116,1050,734,1052,741,2,7,7.28,0.0,0
117,1052,741,1053,743,1,2,2.236,0.0,0
118,1053,743,1054,748,1,5,5.099,0.0,0
119,1054,748,1056,753,2,5,5.385,0.0,0
120,1056,753,1058,757,2,4,4.472,0.0,0
121,1058,757,1060,764,2,7,7.28,0.0,0
122,1060,764,1061,765,1,1,1.414,0.0,0
123,1061,765,1063,770,2,5,5.385,0.0,0
124,1063,770,1063,771,0,1,1.0,0.0,0
125,1063,771,1064,772,1,1,1.414,0.0,0
126,1064,772,1065,774,1,2,2.236,0.0,0
127,1065,774,1065,775,0,1,1.0,0.0,0
128,1065,775,1066,777,1,2,2.236,0.0,0
129,1066,777,1066,779,0,2,2.0,0.0,0
130,1066,779,1066,780,0,1,1.0,0.0,0
131,1066,780,1067,783,1,3,3.162,0.0,0
132,1067,783,882,779,-185,-4,185.043,0.0,0
133,882,779,860,755,-22,-24,32.558,0.0,0
134,860,755,845,734,-15,-21,25.807,0.0,0
135,845,734,834,708,-11,-26,28.231,0.0,0
136,834,708,828,692,-6,-16,17.088,0.0,0
137,828,692,825,680,-3,-12,12.369,0.0,0
138,825,680,824,678,-1,-2,2.236,0.0,0
139,824,678,830,660,6,-18,18.974,0.0,0
140,830,660,839,642,9,-18,20.125,0.0,0
141,839,642,856,609,17,-33,37.121,0.0,0
142,856,609,866,591,10,-18,20.591,0.0,0
143,866,591,878,568,12,-23,25.942,0.0,0
144,878,568,882,562,4,-6,7.211,0.0,0
145,882,562,886,559,4,-3,5.0,0.0,0
146,886,559,888,556,2,-3,3.606,0.0,0
147,888,556,888,556,0,0,0.0,0.0,0
148,888,556,889,555,1,-1,1.414,0.0,0
149,889,555,890,555,1,0,1.0,0.0,0
150,890,555,890,554,0,-1,1.0,0.0,0
151,890,554,891,553,1,-1,1.414,0.0,0
152,891,553,892,552,1,-1,1.414,0.0,0
153,892,552,892,549,0,-3,3.0,0.0,0
154,892,549,893,548,1,-1,1.414,0.0,0
155,893,548,894,543,1,-5,5.099,0.0,0
156,894,543,894,541,0,-2,2.0,0.0,0
157,894,541,894,537,0,-4,4.0,0.0,0
158,894,537,893,534,-1,-3,3.162,0.0,0
159,893,534,892,531,-1,-3,3.162,0.0,0
160,892,531,890,523,-2,-8,8.246,0.0,0
161,890,523,887,518,-3,-5,5.831,0.0,0
162,887,518,884,511,-3,-7,7.616,0.0,0
163,884,511,882,507,-2,-4,4.472,0.0,0
164,882,507,882,503,0,-4,4.0,0.0,0
165,882,503,879,493,-3,-10,10.44,0.0,0
166,879,493,878,490,-1,-3,3.162,0.0,0
167,878,490,876,484,-2,-6,6.325,0.0,0
168,876,484,876,484,0,0,0.0,0.0,0
169,876,484,875,482,-1,-2,2.236,0.0,0
170,875,482,875,481,0,-1,1.0,0.0,0
171,875,481,875,480,0,-1,1.0,0.0,0
172,875,480,874,479,-1,-1,1.414,0.0,0
173,874,479,874,478,0,-1,1.0,0.0,0
174,874,478,873,476,-1,-2,2.236,0.0,0
175,873,476,872,475,-1,-1,1.414,0.0,0
176,872,475,872,474,0,-1,1.0,0.0,0
177,872,474,875,496,3,22,22.204,0.0,0
178,875,496,880,524,5,28,28.443,0.0,0
179,880,524,889,582,9,58,58.694,0.0,0
180,889,582,895,642,6,60,60.299,0.0,0
181,895,642,898,710,3,68,68.066,0.0,0
182,898,710,898,735,0,25,25.0,0.0,0
183,898,735,898,752,0,17,17.0,0.002,11053.041
184,898,752,892,763,-6,11,12.53,0.0,0
185,892,763,904,773,12,10,15.62,0.0,0
186,904,773,921,783,17,10,19.723,0.0,0
187,921,783,835,772,-86,-11,86.701,0.0,0
188,835,772,770,723,-65,-49,81.4,0.0,0
189,770,723,618,597,-152,-126,197.434,0.0,0
190,618,597,514,510,-104,-87,135.591,0.0,0
191,514,510,458,453,-56,-57,79.906,0.0,0
192,458,453,400,375,-58,-78,97.201,0.0,0
193,400,375,386,349,-14,-26,29.53,0.0,0
194,386,349,380,331,-6,-18,18.974,0.0,0
195,380,331,381,325,1,-6,6.083,0.0,0
196,381,325,399,327,18,2,18.111,0.0,0
197,399,327,418,331,19,4,19.416,0.0,0
198,418,331,448,341,30,10,31.623,0.0,0
199,448,341,484,356,36,15,39.0,0.0,0
200,484,356,506,366,22,10,24.166,0.0,0
201,506,366,542,382,36,16,39.395,0.0,0
202,542,382,576,400,34,18,38.471,0.0,0
203,576,400,599,412,23,12,25.942,0.0,0
204,599,412,618,429,19,17,25.495,0.0,0
205,618,429,633,443,15,14,20.518,0.0,0
206,633,443,651,456,18,13,22.204,0.0,0
207,651,456,664,466,13,10,16.401,0.0,0
208,664,466,670,473,6,7,9.22,0.0,0
209,670,473,672,475,2,2,2.828,0.0,0
210,672,475,682,475,10,0,10.0,0.0,0
211,682,475,707,476,25,1,25.02,0.0,0
212,707,476,722,476,15,0,15.0,0.0,0
213,722,476,732,476,10,0,10.0,0.0,0
214,732,476,734,476,2,0,2.0,0.0,0
215,734,476,737,476,3,0,3.0,0.0,0
216,737,476,738,476,1,0,1.0,0.0,0
217,738,476,740,476,2,0,2.0,0.0,0
218,740,476,741,476,1,0,1.0,0.0,0
219,741,476,743,476,2,0,2.0,0.0,0
220,743,476,745,475,2,-1,2.236,0.0,0
221,745,475,746,475,1,0,1.0,0.0,0
222,746,475,747,475,1,0,1.0,0.0,0
223,747,475,751,474,4,-1,4.123,0.0,0
224,751,474,752,474,1,0,1.0,0.0,0
225,752,474,755,473,3,-1,3.162,0.0,0
226,755,473,757,472,2,-1,2.236,0.0,0
227,757,472,759,472,2,0,2.0,0.0,0
228,759,472,760,472,1,0,1.0,0.001,960.454
229,760,472,761,472,1,0,1.0,0.0,0
230,761,472,762,472,1,0,1.0,0.0,0
231,762,472,763,472,1,0,1.0,0.0,0
232,763,472,763,471,0,-1,1.0,0.0,0
1,567,313,572,309,5,-4,6.403,0.001,6346.089
2,572,309,589,302,17,-7,18.385,0.0,0
3,589,302,639,306,50,4,50.16,0.0,0
4,639,306,661,313,22,7,23.087,0.0,0
5,661,313,689,323,28,10,29.732,0.0,0
6,689,323,720,335,31,12,33.242,0.0,0
7,720,335,739,342,19,7,20.248,0.0,0
8,739,342,760,348,21,6,21.84,0.0,0
9,760,348,768,350,8,2,8.246,0.0,0
10,768,350,783,354,15,4,15.524,0.0,0
11,783,354,790,356,7,2,7.28,0.0,0
12,790,356,797,360,7,4,8.062,0.0,0
13,797,360,807,367,10,7,12.207,0.0,0
14,807,367,810,369,3,2,3.606,0.0,0
15,810,369,811,371,1,2,2.236,0.0,0
16,811,371,812,372,1,1,1.414,0.0,0
17,812,372,812,373,0,1,1.0,0.0,0
18,812,373,813,373,1,0,1.0,0.0,0
19,813,373,813,374,0,1,1.0,0.0,0
20,813,374,812,374,-1,0,1.0,0.0,0
21,812,374,811,374,-1,0,1.0,0.0,0
22,811,374,811,373,0,-1,1.0,0.0,0
23,811,373,810,373,-1,0,1.0,0.0,0
24,810,373,810,372,0,-1,1.0,0.0,0
25,810,372,810,372,0,0,0.0,0.0,0
26,810,372,810,372,0,0,0.0,0.0,0
27,810,372,810,372,0,0,0.0,0.0,0
28,810,372,810,372,0,0,0.0,0.0,0
29,810,372,809,372,-1,0,1.0,0.0,0
30,809,372,809,374,0,2,2.0,0.0,0
31,809,374,809,375,0,1,1.0,0.0,0
32,809,375,808,380,-1,5,5.099,0.001,5139.831
33,808,380,807,384,-1,4,4.123,0.0,0
34,807,384,806,388,-1,4,4.123,0.0,0
35,806,388,806,390,0,2,2.0,0.0,0
36,806,390,805,393,-1,3,3.162,0.0,0
37,805,393,805,396,0,3,3.0,0.0,0
38,805,396,805,397,0,1,1.0,0.0,0
39,805,397,803,399,-2,2,2.828,0.0,0
40,803,399,803,401,0,2,2.0,0.0,0
41,803,401,803,402,0,1,1.0,0.0,0
42,803,402,802,404,-1,2,2.236,0.0,0
43,802,404,802,407,0,3,3.0,0.0,0
44,802,407,802,411,0,4,4.0,0.0,0
45,802,411,802,412,0,1,1.0,0.0,0
46,802,412,801,415,-1,3,3.162,0.0,0
47,801,415,800,418,-1,3,3.162,0.0,0
48,800,418,800,420,0,2,2.0,0.0,0
49,800,420,799,421,-1,1,1.414,0.0,0
50,799,421,799,423,0,2,2.0,0.0,0
51,799,423,798,424,-1,1,1.414,0.0,0
52,798,424,798,426,0,2,2.0,0.0,0
53,798,426,798,428,0,2,2.0,0.0,0
54,798,428,798,431,0,3,3.0,0.0,0
55,798,431,798,433,0,2,2.0,0.0,0
56,798,433,798,436,0,3,3.0,0.0,0
57,798,436,798,436,0,0,0.0,0.0,0
58,798,436,798,437,0,1,1.0,0.0,0
59,798,437,798,441,0,4,4.0,0.0,0
60,798,441,798,442,0,1,1.0,0.0,0
61,798,442,798,445,0,3,3.0,0.0,0
62,798,445,798,446,0,1,1.0,0.0,0
63,798,446,798,448,0,2,2.0,0.0,0
64,798,448,798,449,0,1,1.0,0.0,0
65,798,449,798,450,0,1,1.0,0.0,0
66,798,450,798,451,0,1,1.0,0.0,0
67,798,451,798,452,0,1,1.0,0.0,0
68,798,452,798,455,0,3,3.0,0.0,0
69,798,455,797,457,-1,2,2.236,0.0,0
70,797,457,796,458,-1,1,1.414,0.0,0
71,796,458,796,460,0,2,2.0,0.0,0
72,796,460,795,462,-1,2,2.236,0.0,0
73,795,462,795,466,0,4,4.0,0.0,0
74,795,466,795,468,0,2,2.0,0.0,0
75,795,468,794,468,-1,0,1.0,0.0,0
76,794,468,794,470,0,2,2.0,0.0,0
77,794,470,794,471,0,1,1.0,0.001,1009.217
78,794,471,794,472,0,1,1.0,0.0,0
79,794,472,794,473,0,1,1.0,0.0,0
1,567,313,572,309,5,-4,6.403,0.0,0
2,572,309,589,302,17,-7,18.385,0.0,0
3,589,302,639,306,50,4,50.16,0.0,0
4,639,306,661,313,22,7,23.087,0.0,0
5,661,313,689,323,28,10,29.732,0.0,0
6,689,323,720,335,31,12,33.242,0.0,0
7,720,335,739,342,19,7,20.248,0.0,0
8,739,342,760,348,21,6,21.84,0.0,0
9,760,348,768,350,8,2,8.246,0.0,0
10,768,350,783,354,15,4,15.524,0.0,0
11,783,354,790,356,7,2,7.28,0.0,0
12,790,356,797,360,7,4,8.062,0.0,0
13,797,360,807,367,10,7,12.207,0.0,0
14,807,367,810,369,3,2,3.606,0.0,0
15,810,369,811,371,1,2,2.236,0.0,0
16,811,371,812,372,1,1,1.414,0.0,0
17,812,372,812,373,0,1,1.0,0.001,1004.864
18,812,373,813,373,1,0,1.0,0.0,0
19,813,373,813,374,0,1,1.0,0.0,0
20,813,374,812,374,-1,0,1.0,0.0,0
21,812,374,811,374,-1,0,1.0,0.0,0
22,811,374,811,373,0,-1,1.0,0.0,0
23,811,373,810,373,-1,0,1.0,0.0,0
24,810,373,810,372,0,-1,1.0,0.0,0
25,810,372,810,372,0,0,0.0,0.0,0
26,810,372,810,372,0,0,0.0,0.0,0
27,810,372,810,372,0,0,0.0,0.0,0
28,810,372,810,372,0,0,0.0,0.0,0
29,810,372,809,372,-1,0,1.0,0.0,0
30,809,372,809,374,0,2,2.0,0.0,0
31,809,374,809,375,0,1,1.0,0.0,0
32,809,375,808,380,-1,5,5.099,0.0,0
33,808,380,807,384,-1,4,4.123,0.0,0
34,807,384,806,388,-1,4,4.123,0.0,0
35,806,388,806,390,0,2,2.0,0.0,0
36,806,390,805,393,-1,3,3.162,0.0,0
37,805,393,805,396,0,3,3.0,0.0,0
38,805,396,805,397,0,1,1.0,0.0,0
39,805,397,803,399,-2,2,2.828,0.0,0
40,803,399,803,401,0,2,2.0,0.0,0
41,803,401,803,402,0,1,1.0,0.0,0
42,803,402,802,404,-1,2,2.236,0.0,0
43,802,404,802,407,0,3,3.0,0.0,0
44,802,407,802,411,0,4,4.0,0.0,0
45,802,411,802,412,0,1,1.0,0.0,0
46,802,412,801,415,-1,3,3.162,0.0,0
47,801,415,800,418,-1,3,3.162,0.0,0
48,800,418,800,420,0,2,2.0,0.0,0
49,800,420,799,421,-1,1,1.414,0.0,0
50,799,421,799,423,0,2,2.0,0.0,0
51,799,423,798,424,-1,1,1.414,0.0,0
52,798,424,798,426,0,2,2.0,0.0,0
53,798,426,798,428,0,2,2.0,0.0,0
54,798,428,798,431,0,3,3.0,0.0,0
55,798,431,798,433,0,2,2.0,0.0,0
56,798,433,798,436,0,3,3.0,0.0,0
57,798,436,798,436,0,0,0.0,0.0,0
58,798,436,798,437,0,1,1.0,0.0,0
59,798,437,798,441,0,4,4.0,0.0,0
60,798,441,798,442,0,1,1.0,0.001,997.219
61,798,442,798,445,0,3,3.0,0.0,0
62,798,445,798,446,0,1,1.0,0.0,0
63,798,446,798,448,0,2,2.0,0.0,0
64,798,448,798,449,0,1,1.0,0.0,0
65,798,449,798,450,0,1,1.0,0.0,0
66,798,450,798,451,0,1,1.0,0.0,0
67,798,451,798,452,0,1,1.0,0.0,0
68,798,452,798,455,0,3,3.0,0.0,0
69,798,455,797,457,-1,2,2.236,0.0,0
70,797,457,796,458,-1,1,1.414,0.0,0
71,796,458,796,460,0,2,2.0,0.0,0
72,796,460,795,462,-1,2,2.236,0.0,0
73,795,462,795,466,0,4,4.0,0.0,0
74,795,466,795,468,0,2,2.0,0.0,0
75,795,468,794,468,-1,0,1.0,0.0,0
76,794,468,794,470,0,2,2.0,0.0,0
77,794,470,794,471,0,1,1.0,0.0,0
78,794,471,794,472,0,1,1.0,0.0,0
79,794,472,794,473,0,1,1.0,0.0,0
80,794,473,799,481,5,8,9.434,0.0,0
81,799,481,823,515,24,34,41.617,0.0,0
82,823,515,858,560,35,45,57.009,0.0,0
83,858,560,888,597,30,37,47.634,0.0,0
84,888,597,928,661,40,64,75.472,0.0,0
85,928,661,942,685,14,24,27.785,0.0,0
86,942,685,955,708,13,23,26.42,0.0,0
87,955,708,963,730,8,22,23.409,0.0,0
88,963,730,963,731,0,1,1.0,0.0,0
89,963,731,964,746,1,15,15.033,0.0,0
90,964,746,965,756,1,10,10.05,0.0,0
91,965,756,967,764,2,8,8.246,0.0,0
92,967,764,969,778,2,14,14.142,0.0,0
93,969,778,970,782,1,4,4.123,0.0,0
94,970,782,970,783,0,1,1.0,0.0,0
95,970,783,1461,18,491,-765,909.014,0.0,0
96,1461,18,1401,48,-60,30,67.082,0.0,0
97,1401,48,1311,99,-90,51,103.446,0.0,0
98,1311,99,1185,173,-126,74,146.123,0.0,0
99,1185,173,1117,221,-68,48,83.235,0.0,0
100,1117,221,1077,252,-40,31,50.606,0.0,0
101,1077,252,1040,279,-37,27,45.804,0.0,0
102,1040,279,1028,288,-12,9,15.0,0.0,0
103,1028,288,1020,292,-8,4,8.944,0.0,0
104,1020,292,1014,309,-6,17,18.028,0.0,0
105,1014,309,1000,340,-14,31,34.015,0.0,0
106,1000,340,978,373,-22,33,39.661,0.0,0
107,978,373,949,409,-29,36,46.228,0.0,0
108,949,409,912,444,-37,35,50.931,0.0,0
109,912,444,890,461,-22,17,27.803,0.0,0
110,890,461,869,476,-21,15,25.807,0.0,0
111,869,476,860,482,-9,6,10.817,0.0,0
112,860,482,857,484,-3,2,3.606,0.0,0
113,857,484,852,486,-5,2,5.385,0.0,0
114,852,486,850,487,-2,1,2.236,0.001,2240.504
115,850,487,849,488,-1,1,1.414,0.0,0
116,849,488,847,488,-2,0,2.0,0.0,0
117,847,488,846,489,-1,1,1.414,0.0,0
118,846,489,844,490,-2,1,2.236,0.0,0
119,844,490,843,490,-1,0,1.0,0.0,0
120,843,490,842,490,-1,0,1.0,0.0,0
121,842,490,842,490,0,0,0.0,0.0,0
122,842,490,840,489,-2,-1,2.236,0.0,0
123,840,489,839,488,-1,-1,1.414,0.0,0
124,839,488,838,487,-1,-1,1.414,0.0,0
125,838,487,838,484,0,-3,3.0,0.0,0
126,838,484,837,483,-1,-1,1.414,0.0,0
127,837,483,836,480,-1,-3,3.162,0.0,0
128,836,480,835,479,-1,-1,1.414,0.0,0
129,835,479,835,478,0,-1,1.0,0.0,0
130,835,478,835,476,0,-2,2.0,0.0,0
131,835,476,834,476,-1,0,1.0,0.0,0
132,834,476,834,476,0,0,0.0,0.0,0
133,834,476,834,475,0,-1,1.0,0.0,0
134,834,475,834,474,0,-1,1.0,0.0,0
135,834,474,834,472,0,-2,2.0,0.0,0
136,834,472,834,471,0,-1,1.0,0.0,0
137,834,471,834,470,0,-1,1.0,0.0,0
138,834,470,834,469,0,-1,1.0,0.0,0
1,571,228,582,235,11,7,13.038,0.0,0
2,582,235,615,257,33,22,39.661,0.001,40802.198
3,615,257,653,281,38,24,44.944,0.0,0
4,653,281,773,372,120,91,150.602,0.0,0
5,773,372,810,400,37,28,46.4,0.0,0
6,810,400,834,420,24,20,31.241,0.0,0
7,834,420,841,428,7,8,10.63,0.0,0
8,841,428,841,426,0,-2,2.0,0.0,0
9,841,426,839,420,-2,-6,6.325,0.0,0
10,839,420,837,414,-2,-6,6.325,0.0,0
11,837,414,836,405,-1,-9,9.055,0.0,0
12,836,405,835,402,-1,-3,3.162,0.0,0
13,835,402,834,401,-1,-1,1.414,0.0,0
14,834,401,834,399,0,-2,2.0,0.0,0
15,834,399,834,398,0,-1,1.0,0.0,0
16,834,398,834,396,0,-2,2.0,0.0,0
17,834,396,834,395,0,-1,1.0,0.0,0
18,834,395,834,394,0,-1,1.0,0.0,0
19,834,394,834,392,0,-2,2.0,0.0,0
20,834,392,834,391,0,-1,1.0,0.0,0
21,834,391,834,390,0,-1,1.0,0.0,0
22,834,390,834,388,0,-2,2.0,0.0,0
23,834,388,834,387,0,-1,1.0,0.0,0
24,834,387,834,386,0,-1,1.0,0.0,0
25,834,386,834,385,0,-1,1.0,0.0,0
26,834,385,834,383,0,-2,2.0,0.0,0
27,834,383,834,382,0,-1,1.0,0.0,0
28,834,382,834,381,0,-1,1.0,0.0,0
29,834,381,834,380,0,-1,1.0,0.001,973.834
30,834,380,834,379,0,-1,1.0,0.0,0
31,834,379,834,378,0,-1,1.0,0.0,0
32,834,378,834,377,0,-1,1.0,0.0,0
33,834,377,834,376,0,-1,1.0,0.0,0
34,834,376,834,374,0,-2,2.0,0.0,0
35,834,374,834,374,0,0,0.0,0.0,0
36,834,374,833,374,-1,0,1.0,0.0,0
37,833,374,832,377,-1,3,3.162,0.0,0
38,832,377,832,379,0,2,2.0,0.0,0
39,832,379,830,381,-2,2,2.828,0.0,0
40,830,381,830,383,0,2,2.0,0.0,0
41,830,383,828,387,-2,4,4.472,0.0,0
42,828,387,827,388,-1,1,1.414,0.0,0
43,827,388,825,391,-2,3,3.606,0.0,0
44,825,391,823,394,-2,3,3.606,0.0,0
45,823,394,823,396,0,2,2.0,0.0,0
46,823,396,821,398,-2,2,2.828,0.0,0
47,821,398,820,400,-1,2,2.236,0.0,0
48,820,400,819,402,-1,2,2.236,0.0,0
49,819,402,818,404,-1,2,2.236,0.0,0
50,818,404,817,407,-1,3,3.162,0.0,0
51,817,407,817,409,0,2,2.0,0.0,0
52,817,409,816,412,-1,3,3.162,0.0,0
53,816,412,814,415,-2,3,3.606,0.0,0
54,814,415,814,417,0,2,2.0,0.0,0
55,814,417,812,420,-2,3,3.606,0.0,0
56,812,420,812,421,0,1,1.0,0.0,0
57,812,421,811,423,-1,2,2.236,0.0,0
58,811,423,811,424,0,1,1.0,0.001,1019.272
59,811,424,811,427,0,3,3.0,0.0,0
60,811,427,810,427,-1,0,1.0,0.0,0
61,810,427,810,428,0,1,1.0,0.0,0
62,810,428,810,430,0,2,2.0,0.0,0
63,810,430,810,433,0,3,3.0,0.0,0
64,810,433,810,436,0,3,3.0,0.0,0
65,810,436,810,440,0,4,4.0,0.0,0
66,810,440,810,445,0,5,5.0,0.0,0
67,810,445,810,447,0,2,2.0,0.0,0
68,810,447,810,451,0,4,4.0,0.0,0
69,810,451,809,451,-1,0,1.0,0.0,0
70,809,451,809,452,0,1,1.0,0.0,0
71,809,452,809,454,0,2,2.0,0.0,0
72,809,454,809,455,0,1,1.0,0.0,0
73,809,455,809,457,0,2,2.0,0.0,0
74,809,457,809,458,0,1,1.0,0.0,0
75,809,458,809,459,0,1,1.0,0.0,0
76,809,459,808,460,-1,1,1.414,0.0,0
77,808,460,808,461,0,1,1.0,0.0,0
78,808,461,807,462,-1,1,1.414,0.0,0
79,807,462,807,464,0,2,2.0,0.0,0
80,807,464,807,466,0,2,2.0,0.0,0
81,807,466,807,467,0,1,1.0,0.0,0
1,594,254,616,267,22,13,25.554,0.0,0
2,616,267,639,280,23,13,26.42,0.0,0
3,639,280,703,316,64,36,73.43,0.0,0
4,703,316,780,364,77,48,90.736,0.0,0
5,780,364,781,364,1,0,1.0,0.0,0
6,781,364,782,364,1,0,1.0,0.0,0
7,782,364,783,364,1,0,1.0,0.0,0
8,783,364,785,364,2,0,2.0,0.0,0
9,785,364,785,364,0,0,0.0,0.0,0
10,785,364,786,364,1,0,1.0,0.0,0
11,786,364,786,365,0,1,1.0,0.0,0
12,786,365,786,365,0,0,0.0,0.0,0
13,786,365,786,365,0,0,0.0,0.0,0
14,786,365,786,365,0,0,0.0,0.0,0
15,786,365,785,367,-1,2,2.236,0.0,0
16,785,367,783,372,-2,5,5.385,0.0,0
17,783,372,781,376,-2,4,4.472,0.001,4494.967
18,781,376,780,378,-1,2,2.236,0.0,0
19,780,378,779,380,-1,2,2.236,0.0,0
20,779,380,778,381,-1,1,1.414,0.0,0
21,778,381,778,382,0,1,1.0,0.0,0
22,778,382,778,383,0,1,1.0,0.0,0
23,778,383,777,384,-1,1,1.414,0.0,0
24,777,384,776,386,-1,2,2.236,0.0,0
25,776,386,775,388,-1,2,2.236,0.0,0
26,775,388,775,390,0,2,2.0,0.0,0
27,775,390,773,394,-2,4,4.472,0.0,0
28,773,394,773,396,0,2,2.0,0.0,0
29,773,396,771,398,-2,2,2.828,0.0,0
30,771,398,770,399,-1,1,1.414,0.0,0
31,770,399,770,402,0,3,3.0,0.0,0
32,770,402,769,404,-1,2,2.236,0.0,0
33,769,404,768,407,-1,3,3.162,0.0,0
34,768,407,767,411,-1,4,4.123,0.0,0
35,767,411,765,413,-2,2,2.828,0.0,0
36,765,413,764,416,-1,3,3.162,0.0,0
37,764,416,762,420,-2,4,4.472,0.0,0
38,762,420,762,421,0,1,1.0,0.0,0
39,762,421,761,424,-1,3,3.162,0.0,0
40,761,424,760,426,-1,2,2.236,0.0,0
41,760,426,760,427,0,1,1.0,0.0,0
42,760,427,760,428,0,1,1.0,0.0,0
43,760,428,760,428,0,0,0.0,0.0,0
44,760,428,761,430,1,2,2.236,0.0,0
45,761,430,761,431,0,1,1.0,0.0,0
46,761,431,763,435,2,4,4.472,0.0,0
47,763,435,765,439,2,4,4.472,0.0,0
48,765,439,767,444,2,5,5.385,0.0,0
49,767,444,768,447,1,3,3.162,0.0,0
50,768,447,769,451,1,4,4.123,0.0,0
51,769,451,770,453,1,2,2.236,0.0,0
52,770,453,770,455,0,2,2.0,0.0,0
53,770,455,770,457,0,2,2.0,0.0,0
54,770,457,770,458,0,1,1.0,0.0,0
55,770,458,771,460,1,2,2.236,0.0,0
56,771,460,772,462,1,2,2.236,0.0,0
57,772,462,772,463,0,1,1.0,0.0,0
58,772,463,773,466,1,3,3.162,0.0,0
59,773,466,773,467,0,1,1.0,0.0,0
60,773,467,773,468,0,1,1.0,0.001,1001.984
61,773,468,773,471,0,3,3.0,0.0,0
62,773,471,773,472,0,1,1.0,0.0,0
63,773,472,773,473,0,1,1.0,0.0,0
64,773,473,773,475,0,2,2.0,0.0,0
65,773,475,773,476,0,1,1.0,0.0,0
66,773,476,773,476,0,0,0.0,0.0,0
1,594,254,616,267,22,13,25.554,0.0,0
2,616,267,639,280,23,13,26.42,0.0,0
3,639,280,703,316,64,36,73.43,0.0,0
4,703,316,780,364,77,48,90.736,0.001,90204.756
5,780,364,781,364,1,0,1.0,0.0,0
6,781,364,782,364,1,0,1.0,0.0,0
7,782,364,783,364,1,0,1.0,0.0,0
8,783,364,785,364,2,0,2.0,0.0,0
9,785,364,785,364,0,0,0.0,0.0,0
10,785,364,786,364,1,0,1.0,0.0,0
11,786,364,786,365,0,1,1.0,0.0,0
12,786,365,786,365,0,0,0.0,0.0,0
13,786,365,786,365,0,0,0.0,0.0,0
14,786,365,786,365,0,0,0.0,0.0,0
15,786,365,785,367,-1,2,2.236,0.0,0
16,785,367,783,372,-2,5,5.385,0.0,0
17,783,372,781,376,-2,4,4.472,0.0,0
18,781,376,780,378,-1,2,2.236,0.0,0
19,780,378,779,380,-1,2,2.236,0.0,0
20,779,380,778,381,-1,1,1.414,0.0,0
21,778,381,778,382,0,1,1.0,0.0,0
22,778,382,778,383,0,1,1.0,0.0,0
23,778,383,777,384,-1,1,1.414,0.0,0
24,777,384,776,386,-1,2,2.236,0.0,0
25,776,386,775,388,-1,2,2.236,0.0,0
26,775,388,775,390,0,2,2.0,0.0,0
27,775,390,773,394,-2,4,4.472,0.0,0
28,773,394,773,396,0,2,2.0,0.0,0
29,773,396,771,398,-2,2,2.828,0.0,0
30,771,398,770,399,-1,1,1.414,0.0,0
31,770,399,770,402,0,3,3.0,0.0,0
32,770,402,769,404,-1,2,2.236,0.0,0
33,769,404,768,407,-1,3,3.162,0.0,0
34,768,407,767,411,-1,4,4.123,0.0,0
35,767,411,765,413,-2,2,2.828,0.0,0
36,765,413,764,416,-1,3,3.162,0.0,0
37,764,416,762,420,-2,4,4.472,0.0,0
38,762,420,762,421,0,1,1.0,0.0,0
39,762,421,761,424,-1,3,3.162,0.0,0
40,761,424,760,426,-1,2,2.236,0.0,0
41,760,426,760,427,0,1,1.0,0.0,0
42,760,427,760,428,0,1,1.0,0.0,0
43,760,428,760,428,0,0,0.0,0.0,0
44,760,428,761,430,1,2,2.236,0.0,0
45,761,430,761,431,0,1,1.0,0.0,0
46,761,431,763,435,2,4,4.472,0.001,4512.268
47,763,435,765,439,2,4,4.472,0.0,0
48,765,439,767,444,2,5,5.385,0.0,0
49,767,444,768,447,1,3,3.162,0.0,0
50,768,447,769,451,1,4,4.123,0.0,0
51,769,451,770,453,1,2,2.236,0.0,0
52,770,453,770,455,0,2,2.0,0.0,0
53,770,455,770,457,0,2,2.0,0.0,0
54,770,457,770,458,0,1,1.0,0.0,0
55,770,458,771,460,1,2,2.236,0.0,0
56,771,460,772,462,1,2,2.236,0.0,0
57,772,462,772,463,0,1,1.0,0.0,0
58,772,463,773,466,1,3,3.162,0.0,0
59,773,466,773,467,0,1,1.0,0.0,0
60,773,467,773,468,0,1,1.0,0.0,0
61,773,468,773,471,0,3,3.0,0.0,0
62,773,471,773,472,0,1,1.0,0.0,0
63,773,472,773,473,0,1,1.0,0.0,0
64,773,473,773,475,0,2,2.0,0.0,0
65,773,475,773,476,0,1,1.0,0.0,0
66,773,476,773,476,0,0,0.0,0.0,0
67,773,476,786,490,13,14,19.105,0.0,0
68,786,490,831,545,45,55,71.063,0.0,0
69,831,545,868,588,37,43,56.727,0.0,0
70,868,588,917,636,49,48,68.593,0.0,0
71,917,636,944,666,27,30,40.361,0.0,0
72,944,666,959,689,15,23,27.459,0.0,0
73,959,689,962,695,3,6,6.708,0.0,0
74,962,695,963,696,1,1,1.414,0.0,0
75,963,696,973,707,10,11,14.866,0.001,14909.807
76,973,707,983,717,10,10,14.142,0.0,0
77,983,717,996,732,13,15,19.849,0.0,0
78,996,732,1007,743,11,11,15.556,0.0,0
79,1007,743,1023,759,16,16,22.627,0.0,0
80,1023,759,1033,768,10,9,13.454,0.0,0
81,1033,768,1043,778,10,10,14.142,0.0,0
82,1043,778,1048,780,5,2,5.385,0.0,0
83,1048,780,850,776,-198,-4,198.04,0.0,0
84,850,776,792,740,-58,-36,68.264,0.0,0
85,792,740,636,636,-156,-104,187.489,0.0,0
86,636,636,382,459,-254,-177,309.588,0.001,308360.964
87,382,459,266,372,-116,-87,145.0,0.0,0
88,266,372,197,322,-69,-50,85.212,0.0,0
89,197,322,183,313,-14,-9,16.643,0.0,0
90,183,313,170,308,-13,-5,13.928,0.0,0
91,170,308,162,302,-8,-6,10.0,0.0,0
92,162,302,61,211,-101,-91,135.949,0.0,0
93,61,211,0,155,-61,-56,82.807,0.0,0
94,0,155,30,84,30,-71,77.078,0.0,0
95,30,84,58,99,28,15,31.765,0.0,0
96,58,99,118,136,60,37,70.491,0.0,0
97,118,136,180,175,62,39,73.246,0.0,0
98,180,175,241,222,61,47,77.006,0.0,0
99,241,222,266,240,25,18,30.806,0.0,0
100,266,240,286,259,20,19,27.586,0.0,0
101,286,259,288,264,2,5,5.385,0.0,0
102,288,264,289,270,1,6,6.083,0.0,0
103,289,270,318,280,29,10,30.676,0.0,0
104,318,280,346,292,28,12,30.463,0.0,0
105,346,292,438,339,92,47,103.31,0.0,0
106,438,339,539,397,101,58,116.469,0.0,0
107,539,397,596,428,57,31,64.885,0.0,0
108,596,428,630,453,34,25,42.202,0.0,0
109,630,453,635,456,5,3,5.831,0.0,0
110,635,456,650,457,15,1,15.033,0.0,0
111,650,457,678,460,28,3,28.16,0.0,0
112,678,460,698,463,20,3,20.224,0.0,0
113,698,463,715,466,17,3,17.263,0.0,0
114,715,466,722,466,7,0,7.0,0.0,0
115,722,466,725,466,3,0,3.0,0.0,0
116,725,466,728,466,3,0,3.0,0.0,0
117,728,466,729,466,1,0,1.0,0.0,0
118,729,466,737,467,8,1,8.062,0.0,0
119,737,467,756,470,19,3,19.235,0.0,0
120,756,470,774,473,18,3,18.248,0.0,0
121,774,473,786,475,12,2,12.166,0.001,12057.162
122,786,475,794,476,8,1,8.062,0.0,0
123,794,476,795,477,1,1,1.414,0.0,0
124,795,477,796,478,1,1,1.414,0.0,0
125,796,478,799,478,3,0,3.0,0.0,0
126,799,478,800,479,1,1,1.414,0.0,0
127,800,479,801,479,1,0,1.0,0.0,0
128,801,479,802,479,1,0,1.0,0.0,0
129,802,479,802,478,0,-1,1.0,0.0,0
1,194,3,235,27,41,24,47.508,0.0,0
2,235,27,523,219,288,192,346.133,0.001,342644.961
3,523,219,549,222,26,3,26.173,0.0,0
4,549,222,577,227,28,5,28.443,0.0,0
5,577,227,626,241,49,14,50.961,0.0,0
6,626,241,650,249,24,8,25.298,0.0,0
7,650,249,686,265,36,16,39.395,0.0,0
8,686,265,706,276,20,11,22.825,0.0,0
9,706,276,722,286,16,10,18.868,0.0,0
10,722,286,723,289,1,3,3.162,0.0,0
11,723,289,726,291,3,2,3.606,0.0,0
12,726,291,727,293,1,2,2.236,0.0,0
13,727,293,728,294,1,1,1.414,0.0,0
14,728,294,728,295,0,1,1.0,0.0,0
15,728,295,730,298,2,3,3.606,0.0,0
16,730,298,730,300,0,2,2.0,0.0,0
17,730,300,731,304,1,4,4.123,0.0,0
18,731,304,732,307,1,3,3.162,0.0,0
19,732,307,734,310,2,3,3.606,0.0,0
20,734,310,736,316,2,6,6.325,0.0,0
21,736,316,738,318,2,2,2.828,0.0,0
22,738,318,739,322,1,4,4.123,0.0,0
23,739,322,740,322,1,0,1.0,0.0,0
24,740,322,742,327,2,5,5.385,0.0,0
25,742,327,745,330,3,3,4.243,0.0,0
26,745,330,746,332,1,2,2.236,0.0,0
27,746,332,750,340,4,8,8.944,0.001,9145.538
28,750,340,753,343,3,3,4.243,0.0,0
29,753,343,754,348,1,5,5.099,0.0,0
30,754,348,756,352,2,4,4.472,0.0,0
31,756,352,758,356,2,4,4.472,0.0,0
32,758,356,759,358,1,2,2.236,0.0,0
33,759,358,760,361,1,3,3.162,0.0,0
34,760,361,761,364,1,3,3.162,0.0,0
35,761,364,761,364,0,0,0.0,0.0,0
36,761,364,762,366,1,2,2.236,0.0,0
37,762,366,762,367,0,1,1.0,0.0,0
38,762,367,762,368,0,1,1.0,0.0,0
39,762,368,762,369,0,1,1.0,0.0,0
40,762,369,762,370,0,1,1.0,0.0,0
41,762,370,762,371,0,1,1.0,0.0,0
42,762,371,762,371,0,0,0.0,0.0,0
43,762,371,762,371,0,0,0.0,0.0,0
44,762,371,762,371,0,0,0.0,0.0,0
45,762,371,762,373,0,2,2.0,0.0,0
46,762,373,762,377,0,4,4.0,0.0,0
47,762,377,762,380,0,3,3.0,0.0,0
48,762,380,762,384,0,4,4.0,0.0,0
49,762,384,762,387,0,3,3.0,0.0,0
50,762,387,762,388,0,1,1.0,0.0,0
51,762,388,762,391,0,3,3.0,0.0,0
52,762,391,762,392,0,1,1.0,0.0,0
53,762,392,762,393,0,1,1.0,0.0,0
54,762,393,762,396,0,3,3.0,0.0,0
55,762,396,762,396,0,0,0.0,0.0,0
56,762,396,762,397,0,1,1.0,0.001,998.168
57,762,397,762,399,0,2,2.0,0.0,0
58,762,399,762,401,0,2,2.0,0.0,0
59,762,401,762,402,0,1,1.0,0.0,0
60,762,402,762,404,0,2,2.0,0.0,0
61,762,404,762,405,0,1,1.0,0.0,0
62,762,405,762,406,0,1,1.0,0.0,0
63,762,406,762,408,0,2,2.0,0.0,0
64,762,408,762,409,0,1,1.0,0.0,0
65,762,409,762,411,0,2,2.0,0.0,0
66,762,411,762,412,0,1,1.0,0.0,0
67,762,412,762,415,0,3,3.0,0.0,0
68,762,415,762,416,0,1,1.0,0.0,0
69,762,416,762,417,0,1,1.0,0.0,0
70,762,417,762,419,0,2,2.0,0.0,0
71,762,419,765,421,3,2,3.606,0.0,0
72,765,421,767,423,2,2,2.828,0.0,0
73,767,423,769,426,2,3,3.606,0.0,0
74,769,426,770,428,1,2,2.236,0.0,0
75,770,428,770,430,0,2,2.0,0.0,0
76,770,430,770,432,0,2,2.0,0.0,0
77,770,432,771,433,1,1,1.414,0.0,0
78,771,433,772,436,1,3,3.162,0.0,0
79,772,436,772,437,0,1,1.0,0.0,0
80,772,437,773,441,1,4,4.123,0.0,0
81,773,441,774,442,1,1,1.414,0.0,0
82,774,442,774,444,0,2,2.0,0.0,0
83,774,444,775,446,1,2,2.236,0.0,0
84,775,446,776,448,1,2,2.236,0.0,0
85,776,448,776,451,0,3,3.0,0.0,0
86,776,451,776,452,0,1,1.0,0.0,0
87,776,452,777,455,1,3,3.162,0.0,0
88,777,455,778,455,1,0,1.0,0.0,0
89,778,455,778,458,0,3,3.0,0.0,0
90,778,458,778,460,0,2,2.0,0.0,0
91,778,460,778,461,0,1,1.0,0.0,0
92,778,461,778,464,0,3,3.0,0.0,0
93,778,464,780,465,2,1,2.236,0.0,0
94,780,465,780,466,0,1,1.0,0.0,0
95,780,466,780,468,0,2,2.0,0.0,0
96,780,468,780,468,0,0,0.0,0.0,0
97,780,468,780,470,0,2,2.0,0.0,0
98,780,470,780,471,0,1,1.0,0.0,0
1,662,198,680,213,18,15,23.431,0.0,0
2,680,213,736,260,56,47,73.11,0.001,71262.723
3,736,260,755,276,19,16,24.839,0.0,0
4,755,276,769,289,14,13,19.105,0.0,0
5,769,289,770,291,1,2,2.236,0.0,0
6,770,291,770,294,0,3,3.0,0.0,0
7,770,294,771,296,1,2,2.236,0.0,0
8,771,296,771,297,0,1,1.0,0.0,0
9,771,297,771,299,0,2,2.0,0.0,0
10,771,299,772,309,1,10,10.05,0.0,0
11,772,309,772,316,0,7,7.0,0.0,0
12,772,316,772,324,0,8,8.0,0.0,0
13,772,324,772,329,0,5,5.0,0.0,0
14,772,329,772,334,0,5,5.0,0.0,0
15,772,334,772,337,0,3,3.0,0.0,0
16,772,337,772,340,0,3,3.0,0.0,0
17,772,340,772,343,0,3,3.0,0.0,0
18,772,343,772,347,0,4,4.0,0.0,0
19,772,347,771,351,-1,4,4.123,0.0,0
20,771,351,771,353,0,2,2.0,0.0,0
21,771,353,771,355,0,2,2.0,0.0,0
22,771,355,771,357,0,2,2.0,0.0,0
23,771,357,771,359,0,2,2.0,0.0,0
24,771,359,771,361,0,2,2.0,0.0,0
25,771,361,771,362,0,1,1.0,0.0,0
26,771,362,771,364,0,2,2.0,0.0,0
27,771,364,771,365,0,1,1.0,0.0,0
28,771,365,771,366,0,1,1.0,0.0,0
29,771,366,771,368,0,2,2.0,0.0,0
30,771,368,771,368,0,0,0.0,0.0,0
31,771,368,771,368,0,0,0.0,0.0,0
32,771,368,771,368,0,0,0.0,0.0,0
33,771,368,771,370,0,2,2.0,0.0,0
34,771,370,771,371,0,1,1.0,0.0,0
35,771,371,771,372,0,1,1.0,0.0,0
36,771,372,771,376,0,4,4.0,0.0,0
37,771,376,771,379,0,3,3.0,0.0,0
38,771,379,771,382,0,3,3.0,0.0,0
39,771,382,771,385,0,3,3.0,0.0,0
40,771,385,770,388,-1,3,3.162,0.0,0
41,770,388,770,390,0,2,2.0,0.0,0
42,770,390,770,392,0,2,2.0,0.0,0
43,770,392,770,394,0,2,2.0,0.001,2003.968
44,770,394,770,396,0,2,2.0,0.0,0
45,770,396,770,397,0,1,1.0,0.0,0
46,770,397,770,399,0,2,2.0,0.0,0
47,770,399,770,400,0,1,1.0,0.0,0
48,770,400,770,402,0,2,2.0,0.0,0
49,770,402,770,404,0,2,2.0,0.0,0
50,770,404,770,405,0,1,1.0,0.0,0
51,770,405,770,406,0,1,1.0,0.0,0
52,770,406,770,409,0,3,3.0,0.0,0
53,770,409,770,410,0,1,1.0,0.0,0
54,770,410,770,412,0,2,2.0,0.0,0
55,770,412,770,412,0,0,0.0,0.0,0
56,770,412,770,414,0,2,2.0,0.0,0
57,770,414,770,416,0,2,2.0,0.0,0
58,770,416,770,422,0,6,6.0,0.0,0
59,770,422,770,428,0,6,6.0,0.0,0
60,770,428,771,432,1,4,4.123,0.0,0
61,771,432,772,439,1,7,7.071,0.0,0
62,772,439,773,444,1,5,5.099,0.0,0
63,773,444,774,450,1,6,6.083,0.0,0
64,774,450,774,454,0,4,4.0,0.0,0
65,774,454,775,457,1,3,3.162,0.0,0
66,775,457,777,462,2,5,5.385,0.0,0
67,777,462,777,464,0,2,2.0,0.0,0
68,777,464,778,467,1,3,3.162,0.0,0
69,778,467,778,468,0,1,1.0,0.0,0
70,778,468,780,470,2,2,2.828,0.0,0
71,780,470,781,471,1,1,1.414,0.0,0
72,781,471,782,473,1,2,2.236,0.0,0
73,782,473,783,476,1,3,3.162,0.0,0
74,783,476,784,476,1,0,1.0,0.0,0
75,784,476,785,478,1,2,2.236,0.0,0
76,785,478,785,479,0,1,1.0,0.0,0
77,785,479,785,480,0,1,1.0,0.0,0
1,662,198,680,213,18,15,23.431,0.0,0
2,680,213,736,260,56,47,73.11,0.0,0
3,736,260,755,276,19,16,24.839,0.0,0
4,755,276,769,289,14,13,19.105,0.0,0
5,769,289,770,291,1,2,2.236,0.0,0
6,770,291,770,294,0,3,3.0,0.0,0
7,770,294,771,296,1,2,2.236,0.0,0
8,771,296,771,297,0,1,1.0,0.0,0
9,771,297,771,299,0,2,2.0,0.0,0
10,771,299,772,309,1,10,10.05,0.0,0
11,772,309,772,316,0,7,7.0,0.0,0
12,772,316,772,324,0,8,8.0,0.0,0
13,772,324,772,329,0,5,5.0,0.0,0
14,772,329,772,334,0,5,5.0,0.0,0
15,772,334,772,337,0,3,3.0,0.0,0
16,772,337,772,340,0,3,3.0,0.0,0
17,772,340,772,343,0,3,3.0,0.0,0
18,772,343,772,347,0,4,4.0,0.0,0
19,772,347,771,351,-1,4,4.123,0.0,0
20,771,351,771,353,0,2,2.0,0.0,0
21,771,353,771,355,0,2,2.0,0.0,0
22,771,355,771,357,0,2,2.0,0.0,0
23,771,357,771,359,0,2,2.0,0.0,0
24,771,359,771,361,0,2,2.0,0.0,0
25,771,361,771,362,0,1,1.0,0.0,0
26,771,362,771,364,0,2,2.0,0.0,0
27,771,364,771,365,0,1,1.0,0.0,0
28,771,365,771,366,0,1,1.0,0.0,0
29,771,366,771,368,0,2,2.0,0.001,2004.446
30,771,368,771,368,0,0,0.0,0.0,0
31,771,368,771,368,0,0,0.0,0.0,0
32,771,368,771,368,0,0,0.0,0.0,0
33,771,368,771,370,0,2,2.0,0.0,0
34,771,370,771,371,0,1,1.0,0.0,0
35,771,371,771,372,0,1,1.0,0.0,0
36,771,372,771,376,0,4,4.0,0.0,0
37,771,376,771,379,0,3,3.0,0.0,0
38,771,379,771,382,0,3,3.0,0.0,0
39,771,382,771,385,0,3,3.0,0.0,0
40,771,385,770,388,-1,3,3.162,0.0,0
41,770,388,770,390,0,2,2.0,0.0,0
42,770,390,770,392,0,2,2.0,0.0,0
43,770,392,770,394,0,2,2.0,0.0,0
44,770,394,770,396,0,2,2.0,0.0,0
45,770,396,770,397,0,1,1.0,0.0,0
46,770,397,770,399,0,2,2.0,0.0,0
47,770,399,770,400,0,1,1.0,0.0,0
48,770,400,770,402,0,2,2.0,0.0,0
49,770,402,770,404,0,2,2.0,0.0,0
50,770,404,770,405,0,1,1.0,0.0,0
51,770,405,770,406,0,1,1.0,0.0,0
52,770,406,770,409,0,3,3.0,0.001,2961.382
53,770,409,770,410,0,1,1.0,0.0,0
54,770,410,770,412,0,2,2.0,0.0,0
55,770,412,770,412,0,0,0.0,0.0,0
56,770,412,770,414,0,2,2.0,0.0,0
57,770,414,770,416,0,2,2.0,0.0,0
58,770,416,770,422,0,6,6.0,0.0,0
59,770,422,770,428,0,6,6.0,0.0,0
60,770,428,771,432,1,4,4.123,0.0,0
61,771,432,772,439,1,7,7.071,0.0,0
62,772,439,773,444,1,5,5.099,0.0,0
63,773,444,774,450,1,6,6.083,0.0,0
64,774,450,774,454,0,4,4.0,0.0,0
65,774,454,775,457,1,3,3.162,0.0,0
66,775,457,777,462,2,5,5.385,0.0,0
67,777,462,777,464,0,2,2.0,0.0,0
68,777,464,778,467,1,3,3.162,0.0,0
69,778,467,778,468,0,1,1.0,0.0,0
70,778,468,780,470,2,2,2.828,0.0,0
71,780,470,781,471,1,1,1.414,0.0,0
72,781,471,782,473,1,2,2.236,0.0,0
73,782,473,783,476,1,3,3.162,0.0,0
74,783,476,784,476,1,0,1.0,0.0,0
75,784,476,785,478,1,2,2.236,0.0,0
76,785,478,785,479,0,1,1.0,0.0,0
77,785,479,785,480,0,1,1.0,0.0,0
78,785,480,798,490,13,10,16.401,0.0,0
79,798,490,862,541,64,51,81.835,0.0,0
80,862,541,965,620,103,79,129.808,0.0,0
81,965,620,1050,684,85,64,106.4,0.0,0
82,1050,684,1098,725,48,41,63.127,0.0,0
83,1098,725,1141,766,43,41,59.414,0.0,0
84,1141,766,1138,770,-3,4,5.0,0.001,5035.179
85,1138,770,1130,774,-8,4,8.944,0.0,0
86,1130,774,1109,783,-21,9,22.847,0.0,0
87,1109,783,896,774,-213,-9,213.19,0.0,0
88,896,774,870,732,-26,-42,49.396,0.0,0
89,870,732,855,702,-15,-30,33.541,0.0,0
90,855,702,839,671,-16,-31,34.886,0.0,0
91,839,671,828,652,-11,-19,21.954,0.0,0
92,828,652,820,634,-8,-18,19.698,0.0,0
93,820,634,810,612,-10,-22,24.166,0.0,0
94,810,612,807,604,-3,-8,8.544,0.0,0
95,807,604,802,596,-5,-8,9.434,0.0,0
96,802,596,802,586,0,-10,10.0,0.0,0
97,802,586,801,555,-1,-31,31.016,0.0,0
98,801,555,801,529,0,-26,26.0,0.0,0
99,801,529,798,511,-3,-18,18.248,0.0,0
100,798,511,798,493,0,-18,18.0,0.0,0
101,798,493,798,488,0,-5,5.0,0.0,0
102,798,488,798,487,0,-1,1.0,0.0,0
103,798,487,798,484,0,-3,3.0,0.0,0
104,798,484,799,478,1,-6,6.083,0.0,0
105,799,478,801,475,2,-3,3.606,0.0,0
106,801,475,802,472,1,-3,3.162,0.0,0
107,802,472,802,470,0,-2,2.0,0.0,0
108,802,470,802,469,0,-1,1.0,0.0,0
109,802,469,803,468,1,-1,1.414,0.0,0
110,803,468,803,467,0,-1,1.0,0.0,0
111,803,467,803,466,0,-1,1.0,0.0,0
112,803,466,803,465,0,-1,1.0,0.0,0
113,803,465,804,464,1,-1,1.414,0.0,0
114,804,464,804,463,0,-1,1.0,0.0,0
115,804,463,804,462,0,-1,1.0,0.0,0
116,804,462,805,461,1,-1,1.414,0.0,0
117,805,461,806,460,1,-1,1.414,0.0,0
118,806,460,807,458,1,-2,2.236,0.0,0
119,807,458,807,457,0,-1,1.0,0.0,0
120,807,457,808,457,1,0,1.0,0.0,0
121,808,457,808,456,0,-1,1.0,0.0,0
122,808,456,809,454,1,-2,2.236,0.0,0
123,809,454,810,453,1,-1,1.414,0.0,0
124,810,453,810,452,0,-1,1.0,0.0,0
1,662,198,680,213,18,15,23.431,0.0,0
2,680,213,736,260,56,47,73.11,0.0,0
3,736,260,755,276,19,16,24.839,0.0,0
4,755,276,769,289,14,13,19.105,0.0,0
5,769,289,770,291,1,2,2.236,0.0,0
6,770,291,770,294,0,3,3.0,0.0,0
7,770,294,771,296,1,2,2.236,0.001,2286.384
8,771,296,771,297,0,1,1.0,0.0,0
9,771,297,771,299,0,2,2.0,0.0,0
10,771,299,772,309,1,10,10.05,0.0,0
11,772,309,772,316,0,7,7.0,0.0,0
12,772,316,772,324,0,8,8.0,0.0,0
13,772,324,772,329,0,5,5.0,0.0,0
14,772,329,772,334,0,5,5.0,0.0,0
15,772,334,772,337,0,3,3.0,0.0,0
16,772,337,772,340,0,3,3.0,0.0,0
17,772,340,772,343,0,3,3.0,0.0,0
18,772,343,772,347,0,4,4.0,0.0,0
19,772,347,771,351,-1,4,4.123,0.0,0
20,771,351,771,353,0,2,2.0,0.0,0
21,771,353,771,355,0,2,2.0,0.0,0
22,771,355,771,357,0,2,2.0,0.0,0
23,771,357,771,359,0,2,2.0,0.0,0
24,771,359,771,361,0,2,2.0,0.0,0
25,771,361,771,362,0,1,1.0,0.0,0
26,771,362,771,364,0,2,2.0,0.0,0
27,771,364,771,365,0,1,1.0,0.0,0
28,771,365,771,366,0,1,1.0,0.0,0
29,771,366,771,368,0,2,2.0,0.0,0
30,771,368,771,368,0,0,0.0,0.0,0
31,771,368,771,368,0,0,0.0,0.0,0
32,771,368,771,368,0,0,0.0,0.0,0
33,771,368,771,370,0,2,2.0,0.0,0
34,771,370,771,371,0,1,1.0,0.0,0
35,771,371,771,372,0,1,1.0,0.0,0
36,771,372,771,376,0,4,4.0,0.0,0
37,771,376,771,379,0,3,3.0,0.0,0
38,771,379,771,382,0,3,3.0,0.0,0
39,771,382,771,385,0,3,3.0,0.0,0
40,771,385,770,388,-1,3,3.162,0.0,0
41,770,388,770,390,0,2,2.0,0.0,0
42,770,390,770,392,0,2,2.0,0.0,0
43,770,392,770,394,0,2,2.0,0.0,0
44,770,394,770,396,0,2,2.0,0.0,0
45,770,396,770,397,0,1,1.0,0.0,0
46,770,397,770,399,0,2,2.0,0.0,0
47,770,399,770,400,0,1,1.0,0.0,0
48,770,400,770,402,0,2,2.0,0.0,0
49,770,402,770,404,0,2,2.0,0.0,0
50,770,404,770,405,0,1,1.0,0.0,0
51,770,405,770,406,0,1,1.0,0.0,0
52,770,406,770,409,0,3,3.0,0.0,0
53,770,409,770,410,0,1,1.0,0.0,0
54,770,410,770,412,0,2,2.0,0.001,1958.582
55,770,412,770,412,0,0,0.0,0.0,0
56,770,412,770,414,0,2,2.0,0.0,0
57,770,414,770,416,0,2,2.0,0.0,0
58,770,416,770,422,0,6,6.0,0.0,0
59,770,422,770,428,0,6,6.0,0.0,0
60,770,428,771,432,1,4,4.123,0.0,0
61,771,432,772,439,1,7,7.071,0.0,0
62,772,439,773,444,1,5,5.099,0.0,0
63,773,444,774,450,1,6,6.083,0.0,0
64,774,450,774,454,0,4,4.0,0.0,0
65,774,454,775,457,1,3,3.162,0.0,0
66,775,457,777,462,2,5,5.385,0.0,0
67,777,462,777,464,0,2,2.0,0.0,0
68,777,464,778,467,1,3,3.162,0.0,0
69,778,467,778,468,0,1,1.0,0.0,0
70,778,468,780,470,2,2,2.828,0.0,0
71,780,470,781,471,1,1,1.414,0.0,0
72,781,471,782,473,1,2,2.236,0.0,0
73,782,473,783,476,1,3,3.162,0.0,0
74,783,476,784,476,1,0,1.0,0.0,0
75,784,476,785,478,1,2,2.236,0.0,0
76,785,478,785,479,0,1,1.0,0.0,0
77,785,479,785,480,0,1,1.0,0.0,0
78,785,480,798,490,13,10,16.401,0.0,0
79,798,490,862,541,64,51,81.835,0.0,0
80,862,541,965,620,103,79,129.808,0.0,0
81,965,620,1050,684,85,64,106.4,0.0,0
82,1050,684,1098,725,48,41,63.127,0.0,0
83,1098,725,1141,766,43,41,59.414,0.0,0
84,1141,766,1138,770,-3,4,5.0,0.0,0
85,1138,770,1130,774,-8,4,8.944,0.0,0
86,1130,774,1109,783,-21,9,22.847,0.0,0
87,1109,783,896,774,-213,-9,213.19,0.0,0
88,896,774,870,732,-26,-42,49.396,0.0,0
89,870,732,855,702,-15,-30,33.541,0.0,0
90,855,702,839,671,-16,-31,34.886,0.0,0
91,839,671,828,652,-11,-19,21.954,0.0,0
92,828,652,820,634,-8,-18,19.698,0.0,0
93,820,634,810,612,-10,-22,24.166,0.0,0
94,810,612,807,604,-3,-8,8.544,0.0,0
95,807,604,802,596,-5,-8,9.434,0.0,0
96,802,596,802,586,0,-10,10.0,0.0,0
97,802,586,801,555,-1,-31,31.016,0.0,0
98,801,555,801,529,0,-26,26.0,0.0,0
99,801,529,798,511,-3,-18,18.248,0.001,18249.61
100,798,511,798,493,0,-18,18.0,0.0,0
101,798,493,798,488,0,-5,5.0,0.0,0
102,798,488,798,487,0,-1,1.0,0.0,0
103,798,487,798,484,0,-3,3.0,0.0,0
104,798,484,799,478,1,-6,6.083,0.0,0
105,799,478,801,475,2,-3,3.606,0.0,0
106,801,475,802,472,1,-3,3.162,0.0,0
107,802,472,802,470,0,-2,2.0,0.0,0
108,802,470,802,469,0,-1,1.0,0.0,0
109,802,469,803,468,1,-1,1.414,0.0,0
110,803,468,803,467,0,-1,1.0,0.0,0
111,803,467,803,466,0,-1,1.0,0.0,0
112,803,466,803,465,0,-1,1.0,0.0,0
113,803,465,804,464,1,-1,1.414,0.0,0
114,804,464,804,463,0,-1,1.0,0.0,0
115,804,463,804,462,0,-1,1.0,0.0,0
116,804,462,805,461,1,-1,1.414,0.0,0
117,805,461,806,460,1,-1,1.414,0.0,0
118,806,460,807,458,1,-2,2.236,0.0,0
119,807,458,807,457,0,-1,1.0,0.0,0
120,807,457,808,457,1,0,1.0,0.0,0
121,808,457,808,456,0,-1,1.0,0.0,0
122,808,456,809,454,1,-2,2.236,0.0,0
123,809,454,810,453,1,-1,1.414,0.0,0
124,810,453,810,452,0,-1,1.0,0.0,0
125,810,452,824,468,14,16,21.26,0.0,0
126,824,468,839,492,15,24,28.302,0.0,0
127,839,492,906,582,67,90,112.201,0.0,0
128,906,582,946,634,40,52,65.605,0.0,0
129,946,634,994,706,48,72,86.533,0.0,0
130,994,706,1009,734,15,28,31.765,0.0,0
131,1009,734,1019,750,10,16,18.868,0.0,0
132,1019,750,1029,766,10,16,18.868,0.0,0
133,1029,766,1029,768,0,2,2.0,0.0,0
134,1029,768,1026,767,-3,-1,3.162,0.0,0
135,1026,767,1029,772,3,5,5.831,0.0,0
136,1029,772,1031,777,2,5,5.385,0.0,0
137,1031,777,1034,782,3,5,5.831,0.0,0
138,1034,782,1036,783,2,1,2.236,0.0,0
139,1036,783,891,771,-145,-12,145.496,0.0,0
140,891,771,880,759,-11,-12,16.279,0.0,0
141,880,759,840,717,-40,-42,58.0,0.0,0
142,840,717,800,676,-40,-41,57.28,0.0,0
143,800,676,746,609,-54,-67,86.052,0.001,85976.548
144,746,609,716,555,-30,-54,61.774,0.0,0
145,716,555,684,482,-32,-73,79.706,0.0,0
146,684,482,674,460,-10,-22,24.166,0.0,0
147,674,460,671,452,-3,-8,8.544,0.0,0
148,671,452,671,453,0,1,1.0,0.0,0
149,671,453,676,454,5,1,5.099,0.0,0
150,676,454,690,458,14,4,14.56,0.0,0
151,690,458,701,460,11,2,11.18,0.0,0
152,701,460,709,460,8,0,8.0,0.0,0
153,709,460,711,460,2,0,2.0,0.0,0
154,711,460,716,460,5,0,5.0,0.0,0
155,716,460,719,460,3,0,3.0,0.0,0
156,719,460,724,458,5,-2,5.385,0.0,0
157,724,458,730,456,6,-2,6.325,0.0,0
158,730,456,732,454,2,-2,2.828,0.0,0
159,732,454,736,452,4,-2,4.472,0.0,0
160,736,452,737,452,1,0,1.0,0.0,0
161,737,452,738,450,1,-2,2.236,0.0,0
162,738,450,740,449,2,-1,2.236,0.0,0
163,740,449,741,448,1,-1,1.414,0.0,0
164,741,448,743,447,2,-1,2.236,0.0,0
165,743,447,745,447,2,0,2.0,0.0,0
1,206,14,458,192,252,178,308.526,0.0,0
2,458,192,460,193,2,1,2.236,0.0,0
3,460,193,496,206,36,13,38.275,0.0,0
4,496,206,528,217,32,11,33.838,0.0,0
5,528,217,602,244,74,27,78.772,0.0,0
6,602,244,642,260,40,16,43.081,0.0,0
7,642,260,708,289,66,29,72.09,0.0,0
8,708,289,737,304,29,15,32.65,0.0,0
9,737,304,752,315,15,11,18.601,0.0,0
10,752,315,760,319,8,4,8.944,0.0,0
11,760,319,766,325,6,6,8.485,0.0,0
12,766,325,767,326,1,1,1.414,0.0,0
13,767,326,768,327,1,1,1.414,0.0,0
14,768,327,770,332,2,5,5.385,0.0,0
15,770,332,772,336,2,4,4.472,0.0,0
16,772,336,775,340,3,4,5.0,0.0,0
17,775,340,776,342,1,2,2.236,0.0,0
18,776,342,777,344,1,2,2.236,0.0,0
19,777,344,777,346,0,2,2.0,0.001,2002.054
20,777,346,778,347,1,1,1.414,0.0,0
21,778,347,778,348,0,1,1.0,0.0,0
22,778,348,778,350,0,2,2.0,0.0,0
23,778,350,778,353,0,3,3.0,0.0,0
24,778,353,778,356,0,3,3.0,0.0,0
25,778,356,777,361,-1,5,5.099,0.0,0
26,777,361,777,364,0,3,3.0,0.0,0
27,777,364,777,368,0,4,4.0,0.0,0
28,777,368,775,370,-2,2,2.828,0.0,0
29,775,370,775,373,0,3,3.0,0.0,0
30,775,373,775,374,0,1,1.0,0.0,0
31,775,374,774,375,-1,1,1.414,0.0,0
32,774,375,774,375,0,0,0.0,0.0,0
33,774,375,774,377,0,2,2.0,0.0,0
34,774,377,773,378,-1,1,1.414,0.0,0
35,773,378,773,379,0,1,1.0,0.0,0
36,773,379,773,380,0,1,1.0,0.0,0
37,773,380,773,381,0,1,1.0,0.0,0
38,773,381,772,381,-1,0,1.0,0.0,0
39,772,381,772,382,0,1,1.0,0.0,0
40,772,382,772,384,0,2,2.0,0.0,0
41,772,384,771,386,-1,2,2.236,0.0,0
42,771,386,770,388,-1,2,2.236,0.0,0
43,770,388,770,392,0,4,4.0,0.0,0
44,770,392,770,394,0,2,2.0,0.0,0
45,770,394,770,398,0,4,4.0,0.0,0
46,770,398,770,399,0,1,1.0,0.0,0
47,770,399,769,402,-1,3,3.162,0.0,0
48,769,402,769,404,0,2,2.0,0.0,0
49,769,404,769,406,0,2,2.0,0.0,0
50,769,406,769,409,0,3,3.0,0.0,0
51,769,409,769,411,0,2,2.0,0.0,0
52,769,411,769,413,0,2,2.0,0.0,0
53,769,413,769,417,0,4,4.0,0.0,0
54,769,417,769,420,0,3,3.0,0.0,0
55,769,420,769,422,0,2,2.0,0.0,0
56,769,422,769,425,0,3,3.0,0.0,0
57,769,425,770,428,1,3,3.162,0.0,0
58,770,428,772,433,2,5,5.385,0.0,0
59,772,433,773,436,1,3,3.162,0.0,0
60,773,436,773,437,0,1,1.0,0.0,0
61,773,437,774,438,1,1,1.414,0.0,0
62,774,438,774,440,0,2,2.0,0.0,0
63,774,440,774,441,0,1,1.0,0.0,0
64,774,441,774,442,0,1,1.0,0.001,1005.105
65,774,442,775,444,1,2,2.236,0.0,0
66,775,444,776,445,1,1,1.414,0.0,0
67,776,445,776,446,0,1,1.0,0.0,0
68,776,446,777,448,1,2,2.236,0.0,0
69,777,448,777,449,0,1,1.0,0.0,0
70,777,449,777,450,0,1,1.0,0.0,0
71,777,450,777,451,0,1,1.0,0.0,0
72,777,451,777,452,0,1,1.0,0.0,0
73,777,452,777,453,0,1,1.0,0.0,0
74,777,453,778,455,1,2,2.236,0.0,0
75,778,455,778,457,0,2,2.0,0.0,0
76,778,457,778,460,0,3,3.0,0.0,0
77,778,460,778,461,0,1,1.0,0.0,0
78,778,461,779,463,1,2,2.236,0.0,0
79,779,463,779,466,0,3,3.0,0.0,0
80,779,466,779,467,0,1,1.0,0.0,0
81,779,467,779,468,0,1,1.0,0.0,0
82,779,468,779,470,0,2,2.0,0.0,0
83,779,470,779,471,0,1,1.0,0.0,0
84,779,471,779,472,0,1,1.0,0.0,0
1,446,221,483,236,37,15,39.925,0.0,0
2,483,236,522,252,39,16,42.154,0.0,0
3,522,252,557,267,35,15,38.079,0.0,0
4,557,267,618,291,61,24,65.552,0.0,0
5,618,291,686,316,68,25,72.45,0.001,72872.243
6,686,316,709,325,23,9,24.698,0.0,0
7,709,325,728,332,19,7,20.248,0.0,0
8,728,332,730,334,2,2,2.828,0.0,0
9,730,334,734,336,4,2,4.472,0.0,0
10,734,336,738,340,4,4,5.657,0.0,0
11,738,340,742,343,4,3,5.0,0.0,0
12,742,343,745,345,3,2,3.606,0.0,0
13,745,345,748,348,3,3,4.243,0.0,0
14,748,348,751,350,3,2,3.606,0.0,0
15,751,350,754,353,3,3,4.243,0.0,0
16,754,353,757,356,3,3,4.243,0.0,0
17,757,356,758,357,1,1,1.414,0.0,0
18,758,357,760,359,2,2,2.828,0.0,0
19,760,359,760,360,0,1,1.0,0.0,0
20,760,360,762,361,2,1,2.236,0.0,0
21,762,361,762,362,0,1,1.0,0.0,0
22,762,362,762,363,0,1,1.0,0.0,0
23,762,363,762,363,0,0,0.0,0.002,0.0
24,762,363,762,364,0,1,1.0,0.0,0
25,762,364,762,364,0,0,0.0,0.0,0
26,762,364,763,365,1,1,1.414,0.0,0
27,763,365,763,366,0,1,1.0,0.0,0
28,763,366,763,370,0,4,4.0,0.0,0
29,763,370,764,371,1,1,1.414,0.0,0
30,764,371,764,373,0,2,2.0,0.0,0
31,764,373,764,375,0,2,2.0,0.0,0
32,764,375,764,377,0,2,2.0,0.0,0
33,764,377,764,380,0,3,3.0,0.0,0
34,764,380,764,383,0,3,3.0,0.0,0
35,764,383,764,387,0,4,4.0,0.0,0
36,764,387,764,388,0,1,1.0,0.002,501.711
37,764,388,764,395,0,7,7.0,0.0,0
38,764,395,764,397,0,2,2.0,0.0,0
39,764,397,764,400,0,3,3.0,0.0,0
40,764,400,764,404,0,4,4.0,0.0,0
41,764,404,764,408,0,4,4.0,0.0,0
42,764,408,764,411,0,3,3.0,0.0,0
43,764,411,764,413,0,2,2.0,0.0,0
44,764,413,764,416,0,3,3.0,0.0,0
45,764,416,764,417,0,1,1.0,0.0,0
46,764,417,764,420,0,3,3.0,0.0,0
47,764,420,764,422,0,2,2.0,0.0,0
48,764,422,764,423,0,1,1.0,0.0,0
49,764,423,766,428,2,5,5.385,0.0,0
50,766,428,770,435,4,7,8.062,0.0,0
51,770,435,774,443,4,8,8.944,0.0,0
52,774,443,776,447,2,4,4.472,0.0,0
53,776,447,779,452,3,5,5.831,0.0,0
54,779,452,779,456,0,4,4.0,0.0,0
55,779,456,781,458,2,2,2.828,0.0,0
56,781,458,782,461,1,3,3.162,0.0,0
57,782,461,782,463,0,2,2.0,0.0,0
58,782,463,783,466,1,3,3.162,0.0,0
59,783,466,783,468,0,2,2.0,0.0,0
60,783,468,783,468,0,0,0.0,0.001,0.0
61,783,468,784,471,1,3,3.162,0.0,0
62,784,471,784,473,0,2,2.0,0.0,0
63,784,473,786,475,2,2,2.828,0.0,0
64,786,475,786,476,0,1,1.0,0.0,0
65,786,476,786,477,0,1,1.0,0.0,0
1,125,191,184,193,59,2,59.034,0.0,0
2,184,193,266,207,82,14,83.187,0.0,0
3,266,207,356,228,90,21,92.418,0.0,0
4,356,228,466,264,110,36,115.741,0.0,0
5,466,264,523,291,57,27,63.071,0.0,0
6,523,291,579,320,56,29,63.063,0.0,0
7,579,320,594,329,15,9,17.493,0.0,0
8,594,329,595,332,1,3,3.162,0.0,0
9,595,332,638,340,43,8,43.738,0.0,0
10,638,340,664,344,26,4,26.306,0.0,0
11,664,344,705,349,41,5,41.304,0.001,41435.182
12,705,349,725,351,20,2,20.1,0.0,0
13,725,351,746,353,21,2,21.095,0.0,0
14,746,353,749,354,3,1,3.162,0.0,0
15,749,354,751,354,2,0,2.0,0.0,0
16,751,354,752,354,1,0,1.0,0.0,0
17,752,354,754,354,2,0,2.0,0.0,0
18,754,354,754,354,0,0,0.0,0.0,0
19,754,354,755,354,1,0,1.0,0.0,0
20,755,354,756,354,1,0,1.0,0.0,0
21,756,354,756,355,0,1,1.0,0.0,0
22,756,355,758,356,2,1,2.236,0.0,0
23,758,356,759,356,1,0,1.0,0.0,0
24,759,356,759,357,0,1,1.0,0.0,0
25,759,357,760,358,1,1,1.414,0.0,0
26,760,358,761,359,1,1,1.414,0.0,0
27,761,359,761,359,0,0,0.0,0.0,0
28,761,359,761,359,0,0,0.0,0.0,0
29,761,359,761,359,0,0,0.0,0.0,0
30,761,359,761,359,0,0,0.0,0.0,0
31,761,359,761,360,0,1,1.0,0.0,0
32,761,360,761,362,0,2,2.0,0.0,0
33,761,362,761,364,0,2,2.0,0.0,0
34,761,364,760,364,-1,0,1.0,0.0,0
35,760,364,760,365,0,1,1.0,0.0,0
36,760,365,760,366,0,1,1.0,0.0,0
37,760,366,759,368,-1,2,2.236,0.0,0
38,759,368,759,372,0,4,4.0,0.0,0
39,759,372,758,374,-1,2,2.236,0.0,0
40,758,374,757,378,-1,4,4.123,0.0,0
41,757,378,755,382,-2,4,4.472,0.0,0
42,755,382,754,385,-1,3,3.162,0.0,0
43,754,385,754,389,0,4,4.0,0.0,0
44,754,389,753,393,-1,4,4.123,0.0,0
45,753,393,753,396,0,3,3.0,0.001,2981.733
46,753,396,752,400,-1,4,4.123,0.0,0
47,752,400,752,402,0,2,2.0,0.0,0
48,752,402,752,406,0,4,4.0,0.0,0
49,752,406,752,408,0,2,2.0,0.0,0
50,752,408,752,412,0,4,4.0,0.0,0
51,752,412,752,415,0,3,3.0,0.0,0
52,752,415,752,417,0,2,2.0,0.0,0
53,752,417,752,420,0,3,3.0,0.0,0
54,752,420,752,421,0,1,1.0,0.0,0
55,752,421,752,424,0,3,3.0,0.0,0
56,752,424,752,426,0,2,2.0,0.0,0
57,752,426,752,427,0,1,1.0,0.0,0
58,752,427,752,428,0,1,1.0,0.0,0
59,752,428,752,428,0,0,0.0,0.0,0
60,752,428,754,431,2,3,3.606,0.0,0
61,754,431,755,432,1,1,1.414,0.0,0
62,755,432,756,434,1,2,2.236,0.0,0
63,756,434,756,435,0,1,1.0,0.0,0
64,756,435,757,436,1,1,1.414,0.0,0
65,757,436,757,437,0,1,1.0,0.0,0
66,757,437,758,437,1,0,1.0,0.0,0
67,758,437,758,439,0,2,2.0,0.0,0
68,758,439,759,441,1,2,2.236,0.0,0
69,759,441,761,442,2,1,2.236,0.0,0
70,761,442,761,444,0,2,2.0,0.0,0
71,761,444,762,444,1,0,1.0,0.0,0
72,762,444,762,445,0,1,1.0,0.0,0
73,762,445,762,447,0,2,2.0,0.0,0
74,762,447,763,451,1,4,4.123,0.0,0
75,763,451,765,453,2,2,2.828,0.0,0
76,765,453,765,454,0,1,1.0,0.0,0
77,765,454,765,455,0,1,1.0,0.0,0
78,765,455,767,459,2,4,4.472,0.0,0
79,767,459,767,460,0,1,1.0,0.0,0
80,767,460,767,462,0,2,2.0,0.0,0
81,767,462,768,464,1,2,2.236,0.0,0
82,768,464,769,466,1,2,2.236,0.0,0
83,769,466,769,467,0,1,1.0,0.0,0
84,769,467,769,468,0,1,1.0,0.0,0
85,769,468,769,468,0,0,0.0,0.0,0
1,664,276,674,282,10,6,11.662,0.0,0
2,674,282,692,290,18,8,19.698,0.0,0
3,692,290,707,295,15,5,15.811,0.0,0
4,707,295,722,304,15,9,17.493,0.0,0
5,722,304,726,307,4,3,5.0,0.0,0
6,726,307,736,314,10,7,12.207,0.0,0
7,736,314,743,320,7,6,9.22,0.0,0
8,743,320,746,322,3,2,3.606,0.0,0
9,746,322,746,324,0,2,2.0,0.0,0
10,746,324,746,324,0,0,0.0,0.0,0
11,746,324,747,324,1,0,1.0,0.0,0
12,747,324,747,325,0,1,1.0,0.0,0
13,747,325,750,328,3,3,4.243,0.001,4272.491
14,750,328,754,333,4,5,6.403,0.0,0
15,754,333,757,336,3,3,4.243,0.0,0
16,757,336,762,343,5,7,8.602,0.0,0
17,762,343,763,345,1,2,2.236,0.0,0
18,763,345,767,348,4,3,5.0,0.0,0
19,767,348,770,354,3,6,6.708,0.0,0
20,770,354,771,356,1,2,2.236,0.0,0
21,771,356,772,357,1,1,1.414,0.0,0
22,772,357,772,359,0,2,2.0,0.0,0
23,772,359,773,360,1,1,1.414,0.0,0
24,773,360,774,361,1,1,1.414,0.0,0
25,774,361,775,362,1,1,1.414,0.0,0
26,775,362,775,362,0,0,0.0,0.0,0
27,775,362,775,362,0,0,0.0,0.0,0
28,775,362,775,362,0,0,0.0,0.0,0
29,775,362,775,364,0,2,2.0,0.0,0
30,775,364,775,364,0,0,0.0,0.0,0
31,775,364,775,368,0,4,4.0,0.0,0
32,775,368,775,373,0,5,5.0,0.0,0
33,775,373,775,380,0,7,7.0,0.0,0
34,775,380,775,385,0,5,5.0,0.0,0
35,775,385,773,390,-2,5,5.385,0.0,0
36,773,390,773,394,0,4,4.0,0.0,0
37,773,394,773,398,0,4,4.0,0.0,0
38,773,398,772,404,-1,6,6.083,0.0,0
39,772,404,770,408,-2,4,4.472,0.0,0
40,770,408,770,413,0,5,5.0,0.0,0
41,770,413,770,415,0,2,2.0,0.0,0
42,770,415,769,420,-1,5,5.099,0.0,0
43,769,420,769,421,0,1,1.0,0.0,0
44,769,421,769,423,0,2,2.0,0.0,0
45,769,423,768,427,-1,4,4.123,0.0,0
46,768,427,768,428,0,1,1.0,0.0,0
47,768,428,768,431,0,3,3.0,0.0,0
48,768,431,768,433,0,2,2.0,0.0,0
49,768,433,768,435,0,2,2.0,0.0,0
50,768,435,768,436,0,1,1.0,0.0,0
51,768,436,768,436,0,0,0.0,0.001,0.0
52,768,436,768,437,0,1,1.0,0.0,0
53,768,437,769,438,1,1,1.414,0.0,0
54,769,438,769,439,0,1,1.0,0.0,0
55,769,439,770,442,1,3,3.162,0.0,0
56,770,442,770,444,0,2,2.0,0.0,0
57,770,444,771,444,1,0,1.0,0.0,0
58,771,444,772,446,1,2,2.236,0.0,0
59,772,446,772,448,0,2,2.0,0.0,0
60,772,448,773,450,1,2,2.236,0.0,0
61,773,450,773,451,0,1,1.0,0.0,0
62,773,451,774,452,1,1,1.414,0.0,0
63,774,452,776,454,2,2,2.828,0.0,0
64,776,454,777,456,1,2,2.236,0.0,0
65,777,456,777,457,0,1,1.0,0.0,0
66,777,457,777,459,0,2,2.0,0.0,0
67,777,459,778,460,1,1,1.414,0.0,0
68,778,460,779,464,1,4,4.123,0.0,0
69,779,464,779,466,0,2,2.0,0.0,0
70,779,466,779,467,0,1,1.0,0.0,0
71,779,467,781,468,2,1,2.236,0.0,0
1,874,718,853,708,-21,-10,23.259,0.0,0
2,853,708,818,689,-35,-19,39.825,0.0,0
3,818,689,713,625,-105,-64,122.967,0.0,0
4,713,625,593,544,-120,-81,144.779,0.0,0
5,593,544,439,408,-154,-136,205.456,0.0,0
6,439,408,367,332,-72,-76,104.69,0.0,0
7,367,332,334,290,-33,-42,53.413,0.0,0
8,334,290,326,280,-8,-10,12.806,0.0,0
9,326,280,350,285,24,5,24.515,0.0,0
10,350,285,388,298,38,13,40.162,0.0,0
11,388,298,604,374,216,76,228.98,0.0,0
12,604,374,625,382,21,8,22.472,0.0,0
13,625,382,634,387,9,5,10.296,0.0,0
14,634,387,650,392,16,5,16.763,0.0,0
15,650,392,659,395,9,3,9.487,0.0,0
16,659,395,660,396,1,1,1.414,0.0,0
17,660,396,675,396,15,0,15.0,0.001,14972.527
18,675,396,701,391,26,-5,26.476,0.0,0
19,701,391,722,388,21,-3,21.213,0.0,0
20,722,388,732,385,10,-3,10.44,0.0,0
21,732,385,751,376,19,-9,21.024,0.0,0
22,751,376,755,373,4,-3,5.0,0.0,0
23,755,373,761,370,6,-3,6.708,0.0,0
24,761,370,764,365,3,-5,5.831,0.0,0
25,764,365,767,364,3,-1,3.162,0.0,0
26,767,364,769,364,2,0,2.0,0.0,0
27,769,364,769,363,0,-1,1.0,0.0,0
28,769,363,772,361,3,-2,3.606,0.0,0
29,772,361,773,360,1,-1,1.414,0.0,0
30,773,360,774,360,1,0,1.0,0.0,0
31,774,360,774,360,0,0,0.0,0.0,0
32,774,360,774,360,0,0,0.0,0.0,0
33,774,360,774,360,0,0,0.0,0.0,0
34,774,360,774,362,0,2,2.0,0.0,0
35,774,362,774,364,0,2,2.0,0.0,0
36,774,364,774,365,0,1,1.0,0.0,0
37,774,365,774,368,0,3,3.0,0.0,0
38,774,368,774,369,0,1,1.0,0.0,0
39,774,369,774,371,0,2,2.0,0.0,0
40,774,371,774,372,0,1,1.0,0.0,0
41,774,372,774,374,0,2,2.0,0.0,0
42,774,374,774,375,0,1,1.0,0.0,0
43,774,375,774,377,0,2,2.0,0.0,0
44,774,377,774,378,0,1,1.0,0.0,0
45,774,378,774,380,0,2,2.0,0.0,0
46,774,380,774,383,0,3,3.0,0.0,0
47,774,383,774,385,0,2,2.0,0.0,0
48,774,385,773,388,-1,3,3.162,0.0,0
49,773,388,773,391,0,3,3.0,0.0,0
50,773,391,772,395,-1,4,4.123,0.0,0
51,772,395,772,399,0,4,4.0,0.0,0
52,772,399,771,404,-1,5,5.099,0.001,5109.135
53,771,404,771,408,0,4,4.0,0.0,0
54,771,408,770,412,-1,4,4.123,0.0,0
55,770,412,770,414,0,2,2.0,0.0,0
56,770,414,770,419,0,5,5.0,0.0,0
57,770,419,770,420,0,1,1.0,0.0,0
58,770,420,770,423,0,3,3.0,0.0,0
59,770,423,770,424,0,1,1.0,0.0,0
60,770,424,770,427,0,3,3.0,0.0,0
61,770,427,769,428,-1,1,1.414,0.0,0
62,769,428,769,430,0,2,2.0,0.0,0
63,769,430,769,432,0,2,2.0,0.0,0
64,769,432,771,436,2,4,4.472,0.0,0
65,771,436,774,441,3,5,5.831,0.0,0
66,774,441,775,444,1,3,3.162,0.0,0
67,775,444,777,446,2,2,2.828,0.0,0
68,777,446,778,446,1,0,1.0,0.0,0
69,778,446,778,448,0,2,2.0,0.0,0
70,778,448,778,451,0,3,3.0,0.0,0
71,778,451,778,452,0,1,1.0,0.0,0
72,778,452,779,453,1,1,1.414,0.0,0
73,779,453,780,453,1,0,1.0,0.0,0
74,780,453,780,454,0,1,1.0,0.0,0
75,780,454,780,455,0,1,1.0,0.0,0
76,780,455,781,456,1,1,1.414,0.0,0
77,781,456,781,457,0,1,1.0,0.0,0
78,781,457,781,458,0,1,1.0,0.0,0
79,781,458,781,459,0,1,1.0,0.0,0
80,781,459,782,460,1,1,1.414,0.0,0
81,782,460,783,461,1,1,1.414,0.0,0
82,783,461,783,462,0,1,1.0,0.0,0
83,783,462,783,464,0,2,2.0,0.0,0
84,783,464,784,467,1,3,3.162,0.0,0
85,784,467,784,468,0,1,1.0,0.0,0
1,874,718,853,708,-21,-10,23.259,0.0,0
2,853,708,818,689,-35,-19,39.825,0.0,0
3,818,689,713,625,-105,-64,122.967,0.001,122131.891
4,713,625,593,544,-120,-81,144.779,0.0,0
5,593,544,439,408,-154,-136,205.456,0.0,0
6,439,408,367,332,-72,-76,104.69,0.0,0
7,367,332,334,290,-33,-42,53.413,0.0,0
8,334,290,326,280,-8,-10,12.806,0.0,0
9,326,280,350,285,24,5,24.515,0.0,0
10,350,285,388,298,38,13,40.162,0.0,0
11,388,298,604,374,216,76,228.98,0.0,0
12,604,374,625,382,21,8,22.472,0.0,0
13,625,382,634,387,9,5,10.296,0.0,0
14,634,387,650,392,16,5,16.763,0.0,0
15,650,392,659,395,9,3,9.487,0.0,0
16,659,395,660,396,1,1,1.414,0.0,0
17,660,396,675,396,15,0,15.0,0.0,0
18,675,396,701,391,26,-5,26.476,0.0,0
19,701,391,722,388,21,-3,21.213,0.0,0
20,722,388,732,385,10,-3,10.44,0.0,0
21,732,385,751,376,19,-9,21.024,0.0,0
22,751,376,755,373,4,-3,5.0,0.0,0
23,755,373,761,370,6,-3,6.708,0.0,0
24,761,370,764,365,3,-5,5.831,0.0,0
25,764,365,767,364,3,-1,3.162,0.0,0
26,767,364,769,364,2,0,2.0,0.0,0
27,769,364,769,363,0,-1,1.0,0.0,0
28,769,363,772,361,3,-2,3.606,0.0,0
29,772,361,773,360,1,-1,1.414,0.0,0
30,773,360,774,360,1,0,1.0,0.0,0
31,774,360,774,360,0,0,0.0,0.0,0
32,774,360,774,360,0,0,0.0,0.0,0
33,774,360,774,360,0,0,0.0,0.0,0
34,774,360,774,362,0,2,2.0,0.0,0
35,774,362,774,364,0,2,2.0,0.0,0
36,774,364,774,365,0,1,1.0,0.0,0
37,774,365,774,368,0,3,3.0,0.0,0
38,774,368,774,369,0,1,1.0,0.0,0
39,774,369,774,371,0,2,2.0,0.0,0
40,774,371,774,372,0,1,1.0,0.0,0
41,774,372,774,374,0,2,2.0,0.0,0
42,774,374,774,375,0,1,1.0,0.001,1004.864
43,774,375,774,377,0,2,2.0,0.0,0
44,774,377,774,378,0,1,1.0,0.0,0
45,774,378,774,380,0,2,2.0,0.0,0
46,774,380,774,383,0,3,3.0,0.0,0
47,774,383,774,385,0,2,2.0,0.0,0
48,774,385,773,388,-1,3,3.162,0.0,0
49,773,388,773,391,0,3,3.0,0.0,0
50,773,391,772,395,-1,4,4.123,0.0,0
51,772,395,772,399,0,4,4.0,0.0,0
52,772,399,771,404,-1,5,5.099,0.0,0
53,771,404,771,408,0,4,4.0,0.0,0
54,771,408,770,412,-1,4,4.123,0.0,0
55,770,412,770,414,0,2,2.0,0.0,0
56,770,414,770,419,0,5,5.0,0.0,0
57,770,419,770,420,0,1,1.0,0.0,0
58,770,420,770,423,0,3,3.0,0.0,0
59,770,423,770,424,0,1,1.0,0.0,0
60,770,424,770,427,0,3,3.0,0.0,0
61,770,427,769,428,-1,1,1.414,0.0,0
62,769,428,769,430,0,2,2.0,0.0,0
63,769,430,769,432,0,2,2.0,0.0,0
64,769,432,771,436,2,4,4.472,0.0,0
65,771,436,774,441,3,5,5.831,0.0,0
66,774,441,775,444,1,3,3.162,0.0,0
67,775,444,777,446,2,2,2.828,0.0,0
68,777,446,778,446,1,0,1.0,0.0,0
69,778,446,778,448,0,2,2.0,0.0,0
70,778,448,778,451,0,3,3.0,0.0,0
71,778,451,778,452,0,1,1.0,0.0,0
72,778,452,779,453,1,1,1.414,0.0,0
73,779,453,780,453,1,0,1.0,0.0,0
74,780,453,780,454,0,1,1.0,0.0,0
75,780,454,780,455,0,1,1.0,0.0,0
76,780,455,781,456,1,1,1.414,0.0,0
77,781,456,781,457,0,1,1.0,0.0,0
78,781,457,781,458,0,1,1.0,0.0,0
79,781,458,781,459,0,1,1.0,0.0,0
80,781,459,782,460,1,1,1.414,0.0,0
81,782,460,783,461,1,1,1.414,0.0,0
82,783,461,783,462,0,1,1.0,0.0,0
83,783,462,783,464,0,2,2.0,0.0,0
84,783,464,784,467,1,3,3.162,0.0,0
85,784,467,784,468,0,1,1.0,0.0,0
86,784,468,794,479,10,11,14.866,0.001,14927.654
87,794,479,809,493,15,14,20.518,0.0,0
88,809,493,827,512,18,19,26.173,0.0,0
89,827,512,855,540,28,28,39.598,0.0,0
90,855,540,867,554,12,14,18.439,0.0,0
91,867,554,874,561,7,7,9.899,0.0,0
92,874,561,880,569,6,8,10.0,0.0,0
93,880,569,881,571,1,2,2.236,0.0,0
94,881,571,883,572,2,1,2.236,0.0,0
95,883,572,884,574,1,2,2.236,0.0,0
96,884,574,886,574,2,0,2.0,0.0,0
97,886,574,890,577,4,3,5.0,0.0,0
98,890,577,893,579,3,2,3.606,0.0,0
99,893,579,894,580,1,1,1.414,0.0,0
100,894,580,896,581,2,1,2.236,0.0,0
101,896,581,897,581,1,0,1.0,0.0,0
102,897,581,899,583,2,2,2.828,0.0,0
103,899,583,908,590,9,7,11.402,0.0,0
104,908,590,921,601,13,11,17.029,0.0,0
105,921,601,922,603,1,2,2.236,0.0,0
106,922,603,926,606,4,3,5.0,0.0,0
107,926,606,931,612,5,6,7.81,0.0,0
108,931,612,933,614,2,2,2.828,0.0,0
109,933,614,934,615,1,1,1.414,0.0,0
110,934,615,936,616,2,1,2.236,0.0,0
111,936,616,936,617,0,1,1.0,0.0,0
112,936,617,930,613,-6,-4,7.211,0.0,0
113,930,613,920,606,-10,-7,12.207,0.0,0
114,920,606,899,592,-21,-14,25.239,0.0,0
115,899,592,882,580,-17,-12,20.809,0.0,0
116,882,580,864,564,-18,-16,24.083,0.0,0
117,864,564,855,556,-9,-8,12.042,0.0,0
118,855,556,842,545,-13,-11,17.029,0.0,0
119,842,545,837,540,-5,-5,7.071,0.0,0
120,837,540,833,534,-4,-6,7.211,0.0,0
121,833,534,831,533,-2,-1,2.236,0.0,0
122,831,533,830,532,-1,-1,1.414,0.0,0
123,830,532,827,528,-3,-4,5.0,0.0,0
124,827,528,826,527,-1,-1,1.414,0.0,0
125,826,527,842,539,16,12,20.0,0.0,0
126,842,539,866,561,24,22,32.558,0.0,0
127,866,561,902,600,36,39,53.075,0.0,0
128,902,600,921,622,19,22,29.069,0.0,0
129,921,622,941,653,20,31,36.892,0.001,36929.629
130,941,653,950,663,9,10,13.454,0.0,0
131,950,663,955,670,5,7,8.602,0.0,0
132,955,670,957,672,2,2,2.828,0.0,0
133,957,672,957,673,0,1,1.0,0.0,0
134,957,673,969,690,12,17,20.809,0.0,0
135,969,690,981,709,12,19,22.472,0.0,0
136,981,709,994,729,13,20,23.854,0.0,0
137,994,729,1004,744,10,15,18.028,0.0,0
138,1004,744,1014,759,10,15,18.028,0.0,0
139,1014,759,1022,774,8,15,17.0,0.0,0
140,1022,774,1026,781,4,7,8.062,0.0,0
141,1026,781,1026,783,0,2,2.0,0.0,0
142,1026,783,1026,783,0,0,0.0,0.0,0
143,1026,783,871,729,-155,-54,164.137,0.0,0
144,871,729,860,718,-11,-11,15.556,0.0,0
145,860,718,818,673,-42,-45,61.555,0.0,0
146,818,673,799,642,-19,-31,36.359,0.0,0
147,799,642,771,598,-28,-44,52.154,0.0,0
148,771,598,758,574,-13,-24,27.295,0.0,0
149,758,574,744,554,-14,-20,24.413,0.0,0
150,744,554,740,550,-4,-4,5.657,0.0,0
151,740,550,743,539,3,-11,11.402,0.0,0
152,743,539,751,516,8,-23,24.352,0.0,0
153,751,516,756,501,5,-15,15.811,0.0,0
154,756,501,763,486,7,-15,16.553,0.0,0
155,763,486,767,481,4,-5,6.403,0.0,0
156,767,481,771,475,4,-6,7.211,0.0,0
157,771,475,773,473,2,-2,2.828,0.0,0
158,773,473,775,471,2,-2,2.828,0.0,0
159,775,471,777,469,2,-2,2.828,0.0,0
160,777,469,778,469,1,0,1.0,0.0,0
161,778,469,778,468,0,-1,1.0,0.0,0
162,778,468,779,468,1,0,1.0,0.0,0
163,779,468,780,468,1,0,1.0,0.0,0
164,780,468,781,468,1,0,1.0,0.0,0
165,781,468,782,467,1,-1,1.414,0.0,0
166,782,467,783,466,1,-1,1.414,0.0,0
167,783,466,784,465,1,-1,1.414,0.0,0
168,784,465,785,465,1,0,1.0,0.0,0
169,785,465,786,465,1,0,1.0,0.0,0
170,786,465,786,464,0,-1,1.0,0.0,0
171,786,464,787,463,1,-1,1.414,0.001,1411.288
172,787,463,789,462,2,-1,2.236,0.0,0
173,789,462,791,461,2,-1,2.236,0.0,0
174,791,461,792,460,1,-1,1.414,0.0,0
175,792,460,794,459,2,-1,2.236,0.0,0
176,794,459,796,457,2,-2,2.828,0.0,0
177,796,457,798,456,2,-1,2.236,0.0,0
178,798,456,799,454,1,-2,2.236,0.0,0
179,799,454,800,453,1,-1,1.414,0.0,0
180,800,453,801,452,1,-1,1.414,0.0,0
181,801,452,802,452,1,0,1.0,0.0,0
182,802,452,803,450,1,-2,2.236,0.0,0
183,803,450,804,450,1,0,1.0,0.0,0
184,804,450,805,450,1,0,1.0,0.0,0
185,805,450,805,449,0,-1,1.0,0.0,0
186,805,449,806,448,1,-1,1.414,0.0,0
1,387,173,387,176,0,3,3.0,0.0,0
2,387,176,626,308,239,132,273.029,0.0,0
3,626,308,634,314,8,6,10.0,0.0,0
4,634,314,641,317,7,3,7.616,0.0,0
5,641,317,651,325,10,8,12.806,0.0,0
6,651,325,658,330,7,5,8.602,0.0,0
7,658,330,663,332,5,2,5.385,0.0,0
8,663,332,663,333,0,1,1.0,0.0,0
9,663,333,664,334,1,1,1.414,0.0,0
10,664,334,665,334,1,0,1.0,0.0,0
11,665,334,665,335,0,1,1.0,0.0,0
12,665,335,666,335,1,0,1.0,0.0,0
13,666,335,666,336,0,1,1.0,0.0,0
14,666,336,667,337,1,1,1.414,0.0,0
15,667,337,670,338,3,1,3.162,0.0,0
16,670,338,674,341,4,3,5.0,0.0,0
17,674,341,680,345,6,4,7.211,0.0,0
18,680,345,683,347,3,2,3.606,0.0,0
19,683,347,690,351,7,4,8.062,0.0,0
20,690,351,696,355,6,4,7.211,0.0,0
21,696,355,700,357,4,2,4.472,0.0,0
22,700,357,707,362,7,5,8.602,0.0,0
23,707,362,710,364,3,2,3.606,0.0,0
24,710,364,714,365,4,1,4.123,0.0,0
25,714,365,715,367,1,2,2.236,0.001,2231.973
26,715,367,722,369,7,2,7.28,0.0,0
27,722,369,734,372,12,3,12.369,0.0,0
28,734,372,742,373,8,1,8.062,0.0,0
29,742,373,746,373,4,0,4.0,0.0,0
30,746,373,746,373,0,0,0.0,0.0,0
31,746,373,747,373,1,0,1.0,0.0,0
32,747,373,748,373,1,0,1.0,0.0,0
33,748,373,748,373,0,0,0.0,0.0,0
34,748,373,748,373,0,0,0.0,0.0,0
35,748,373,748,373,0,0,0.0,0.0,0
36,748,373,748,374,0,1,1.0,0.0,0
37,748,374,748,376,0,2,2.0,0.0,0
38,748,376,748,379,0,3,3.0,0.0,0
39,748,379,748,383,0,4,4.0,0.0,0
40,748,383,748,385,0,2,2.0,0.0,0
41,748,385,749,388,1,3,3.162,0.0,0
42,749,388,749,389,0,1,1.0,0.0,0
43,749,389,750,392,1,3,3.162,0.0,0
44,750,392,750,393,0,1,1.0,0.0,0
45,750,393,750,396,0,3,3.0,0.0,0
46,750,396,752,397,2,1,2.236,0.0,0
47,752,397,752,400,0,3,3.0,0.0,0
48,752,400,752,402,0,2,2.0,0.0,0
49,752,402,753,404,1,2,2.236,0.0,0
50,753,404,753,405,0,1,1.0,0.0,0
51,753,405,753,406,0,1,1.0,0.0,0
52,753,406,754,408,1,2,2.236,0.0,0
53,754,408,754,410,0,2,2.0,0.0,0
54,754,410,754,411,0,1,1.0,0.0,0
55,754,411,754,412,0,1,1.0,0.0,0
56,754,412,754,413,0,1,1.0,0.0,0
57,754,413,754,414,0,1,1.0,0.0,0
58,754,414,755,415,1,1,1.414,0.0,0
59,755,415,756,418,1,3,3.162,0.001,3187.588
60,756,418,758,421,2,3,3.606,0.0,0
61,758,421,761,425,3,4,5.0,0.0,0
62,761,425,762,428,1,3,3.162,0.0,0
63,762,428,762,428,0,0,0.0,0.0,0
64,762,428,763,431,1,3,3.162,0.0,0
65,763,431,765,433,2,2,2.828,0.0,0
66,765,433,766,436,1,3,3.162,0.0,0
67,766,436,767,437,1,1,1.414,0.0,0
68,767,437,768,439,1,2,2.236,0.0,0
69,768,439,769,442,1,3,3.162,0.0,0
70,769,442,770,444,1,2,2.236,0.0,0
71,770,444,770,446,0,2,2.0,0.0,0
72,770,446,771,448,1,2,2.236,0.0,0
73,771,448,771,450,0,2,2.0,0.0,0
74,771,450,772,452,1,2,2.236,0.0,0
75,772,452,772,453,0,1,1.0,0.0,0
76,772,453,774,456,2,3,3.606,0.0,0
77,774,456,774,458,0,2,2.0,0.0,0
78,774,458,775,460,1,2,2.236,0.0,0
79,775,460,775,461,0,1,1.0,0.0,0
80,775,461,775,462,0,1,1.0,0.0,0
81,775,462,776,464,1,2,2.236,0.0,0
82,776,464,776,466,0,2,2.0,0.0,0
83,776,466,777,467,1,1,1.414,0.0,0
84,777,467,778,468,1,1,1.414,0.0,0
85,778,468,778,468,0,0,0.0,0.0,0
